0.8934
0.334
0.211
0.2181
0.1398
0.1594
0.1032
0.1028
0.0892
0.1032
0.1603
0.1032
0.1028
0.0895
0.0896
0.1032
0.0892
0.1028
0.0974
0.1127
0.1032
0.8934
0.5294
0.6263
0.8229
0.1792
0.1032
0.1537
0.1474
0.1028
0.1025
0.1032
0.1032
0.0892
0.1313
0.1032
0.0892
0.0892
0.1028
0.1032
0.1028
0.1032
0.8934
0.4984
0.1054
0.1824
0.1028
0.2289
0.1701
0.1032
0.1028
0.0924
0.1063
0.1032
0.1028
0.0892
0.1736
0.0892
0.1088
0.0974
0.1032
0.1028
0.1401
0.8934
0.8953
0.2383
0.1139
0.1028
0.1028
0.1032
0.0846
0.1028
0.0986
0.2114
0.0892
0.0951
0.1028
0.1028
0.095
0.0892
0.1028
0.1032
0.0892
0.1032
0.8934
0.2464
0.1028
0.1035
0.1032
0.1369
0.1032
0.1029
0.1038
0.0922
0.0892
0.1039
0.1028
0.1032
0.0958
0.0974
0.1032
0.1032
0.1028
0.1032
0.1032
0.8934
0.2602
0.1738
0.3483
0.094
0.218
0.1028
0.1028
0.1028
0.1028
0.1032
0.1028
0.0892
0.1028
0.1028
0.1032
0.1028
0.1028
0.0974
0.1028
0.1032
0.8934
0.5124
0.103
0.285
0.103
0.1514
0.1365
0.181
0.0891
0.1046
0.0892
0.1098
0.1028
0.1032
0.1042
0.1028
0.0958
0.1032
0.1028
0.0958
0.0974
0.8934
0.6615
0.2038
0.6602
0.129
0.1032
0.1062
0.0892
0.1028
0.1327
0.1028
0.1028
0.1032
0.1032
0.0958
0.0958
0.1032
0.0974
0.0975
0.1028
0.0892
0.8934
0.6507
0.1239
0.2266
0.0892
0.1518
0.174
0.1028
0.2142
0.1032
0.1796
0.1345
0.0892
0.1032
0.0892
0.0892
0.1032
0.1032
0.1028
0.1032
0.1028
0.8934
0.5439
0.4665
0.1851
0.1272
0.2218
0.0903
0.0892
0.1032
0.1032
0.1028
0.1032
0.0892
0.0892
0.1839
0.1032
0.1032
0.1032
0.0896
0.0979
0.0958
0.8934
0.4392
0.1798
0.1114
0.1659
0.1032
0.1032
0.14
0.0936
0.0892
0.1028
0.1032
0.103
0.0945
0.1032
0.1028
0.1032
0.1028
0.1032
0.0958
0.1032
0.8934
0.4764
0.1829
0.3661
0.1076
0.1032
0.1032
0.1028
0.1037
0.1032
0.1028
0.1032
0.1028
0.1028
0.0892
0.1028
0.1028
0.1028
0.1032
0.1028
0.1028
0.8934
0.4253
0.2013
0.1032
0.1033
0.1032
0.1029
0.1028
0.1072
0.0892
0.0892
0.1032
0.0938
0.4196
0.1028
0.1074
0.1028
0.1028
0.1032
0.1028
0.0892
0.8934
0.5916
0.6412
0.1031
0.394
0.1032
0.14
0.1535
0.1028
0.1028
0.1032
0.1028
0.1512
0.0958
0.1028
0.1028
0.1032
0.0974
0.0974
0.1028
0.1028
0.8934
0.4748
0.6858
0.1424
0.1032
0.1028
0.1028
0.1032
0.0892
0.1032
0.1059
0.1028
0.1028
0.0892
0.1028
0.1028
0.1032
0.0895
0.0892
0.0892
0.1032
0.8934
0.6735
0.3304
0.1038
0.0892
0.1028
0.1028
0.0924
0.0892
0.1028
0.0895
0.0974
0.1028
0.1032
0.1032
0.1032
0.0892
0.1028
0.1028
0.1028
0.1028
0.8934
0.8592
0.2421
0.1272
0.1028
0.1466
0.1028
0.1028
0.1643
0.1028
0.1032
0.1028
0.1028
0.1032
0.0996
0.1028
0.1028
0.1028
0.112
0.1028
0.1028
0.8934
0.8626
0.2247
0.6949
0.1032
0.1032
0.0702
0.0892
0.0892
0.1028
0.1982
0.1032
0.1028
0.0974
0.1032
0.0974
0.1032
0.1032
0.0892
0.0892
0.1032
0.8934
0.3195
0.1829
0.1028
0.146
0.2257
0.1028
0.1398
0.1028
0.1028
0.1028
0.1039
0.1028
0.1028
0.0892
0.1032
0.0901
0.1028
0.1028
0.0892
0.0892
0.8934
0.506
0.5284
0.1258
0.1029
0.1032
0.0891
0.1028
0.1043
0.6491
0.1131
0.1028
0.0892
0.1028
0.1032
0.0892
0.1028
0.1032
0.1032
0.1032
0.1033
0.8934
0.5799
0.4975
0.1032
0.1256
0.1032
0.14
0.1109
0.1028
0.0892
0.0974
0.0958
0.1032
0.1663
0.0974
0.0892
0.1028
0.0892
0.1032
0.0892
0.0892
0.8934
0.3479
0.1124
0.3506
0.0892
0.1032
0.1792
0.1028
0.1032
0.1032
0.1032
0.1406
0.0974
0.1028
0.0892
0.0974
0.0892
0.0958
0.1028
0.1032
0.0958
0.8934
0.8065
0.4478
0.1032
0.2098
0.1378
0.1478
0.1032
0.0893
0.0892
0.1498
0.0892
0.1717
0.1031
0.1024
0.0892
0.1032
0.1028
0.1028
0.0892
0.1032
0.8934
0.8851
0.1307
0.1136
0.5018
0.1032
0.14
0.4858
0.1211
0.0892
0.1032
0.1136
0.1032
0.1032
0.1028
0.1032
0.1032
0.1028
0.1032
0.0974
0.186
0.8934
0.3611
0.8051
0.111
0.1265
0.1107
0.1356
0.1032
0.0622
0.1032
0.1032
0.0974
0.0892
0.1032
0.1032
0.0892
0.1032
0.1028
0.1028
0.1184
0.1032
0.8934
0.1754
0.1863
0.1888
0.7895
0.1054
0.1651
0.1912
0.0904
0.088
0.1494
0.1703
0.1029
0.1576
0.0892
0.1032
0.1028
0.0892
0.1032
0.1028
0.1028
0.8934
0.7564
0.1495
0.1179
0.1028
0.1041
0.095
0.1028
0.1059
0.1032
0.0974
0.1028
0.1141
0.1028
0.0892
0.1038
0.0892
0.1028
0.1028
0.0892
0.0958
0.8934
0.6749
0.5461
0.1032
0.2147
0.1103
0.1028
0.1656
0.1032
0.1028
0.0932
0.1794
0.1028
0.0958
0.1045
0.1028
0.1032
0.0892
0.0891
0.1032
0.1032
0.8934
0.6823
0.1265
0.1166
0.1791
0.4841
0.1696
0.098
0.1032
0.1085
0.1028
0.1028
0.0892
0.0898
0.0892
0.1418
0.1032
0.1028
0.1028
0.1034
0.0892
0.8934
0.5632
0.2163
0.5721
0.5712
0.0906
0.0892
0.1032
0.1028
0.1028
0.1028
0.1032
0.1028
0.0974
0.1028
0.0892
0.0958
0.1032
0.1822
0.0974
0.0892
0.8934
0.8547
0.1041
0.8026
0.1151
0.0892
0.1032
0.1681
0.0994
0.1028
0.1028
0.1334
0.0974
0.1028
0.0892
0.1028
0.1772
0.1032
0.1028
0.0892
0.1028
0.8934
0.8482
0.1062
0.1034
0.0901
0.1013
0.1032
0.1032
0.1028
0.0892
0.1021
0.0974
0.1028
0.1028
0.1032
0.1032
0.1032
0.0961
0.1028
0.1591
0.1373
0.8934
0.853
0.1686
0.1377
0.0929
0.1033
0.1032
0.1195
0.0892
0.0974
0.1547
0.1028
0.0974
0.0892
0.1028
0.1305
0.0958
0.1032
0.1032
0.1032
0.1028
0.8934
0.382
0.2447
0.1027
0.2873
0.1191
0.1792
0.1032
0.1028
0.1032
0.5783
0.1028
0.1028
0.0892
0.1621
0.1037
0.1028
0.0958
0.1031
0.0892
0.0892
0.8934
0.2662
0.5997
0.4452
0.1032
0.2855
0.1028
0.0892
0.0893
0.1032
0.1149
0.3053
0.1044
0.1389
0.1032
0.1032
0.1032
0.1032
0.1132
0.0892
0.0891
0.8934
0.8596
0.1985
0.2225
0.3051
0.1032
0.1938
0.1028
0.1028
0.0916
0.1028
0.1028
0.1028
0.1348
0.1032
0.0926
0.1028
0.0892
0.1033
0.0974
0.1032
0.8934
0.8013
0.2045
0.7845
0.1041
0.1035
0.2908
0.1547
0.089
0.1028
0.1107
0.1082
0.0987
0.1028
0.1032
0.0958
0.1833
0.1032
0.0892
0.0892
0.0958
0.8934
0.6716
0.5524
0.1032
0.1028
0.1028
0.1028
0.1459
0.0981
0.1032
0.1028
0.1032
0.1032
0.0892
0.1028
0.0974
0.0892
0.0892
0.1028
0.1028
0.0974
0.8934
0.8314
0.1324
0.2565
0.1028
0.0995
0.0974
0.0975
0.101
0.0981
0.1028
0.103
0.0892
0.1034
0.0958
0.1028
0.1028
0.1028
0.1032
0.1028
0.1032
0.8934
0.6437
0.1155
0.1032
0.1028
0.1028
0.5821
0.4858
0.1847
0.0974
0.1028
0.1028
0.0892
0.0892
0.1032
0.0958
0.0892
0.1032
0.096
0.0892
0.1028
