0.0
1.2176471491408387
1.829088290280427
21.950358705870254
28.15215828090955
0.9900895620773028
0.9999206872340383
0.9889431609799175
1.0273273847141908
0.9999206872340383
174.50021156424307
0.9999206872340383
0.9794328644205825
1.0152702908119453
1.0270496452710651
0.9999206872340383
1.0722610313287124
260.8342903959403
17636.78838775604
9447.872401830824
0.9760687244125877
0.0
1.794073271537466
1.6351051544612325
2.0499874008367676
7.693858405001683
0.9999206872340383
263.5560113901549
1.5454227068563553
2276.2162305498728
0.999834324620925
0.9999206872340383
0.9999206872340383
1.0677348744438566
1.4813764714991688
0.9999206872340383
6737.40634124255
1.0698602838136446
0.9909178327209714
0.9999206872340383
0.9990156043912912
0.9999206872340383
0.0
1.4437747165833255
0.9863089010639315
1.0501073186774332
0.9820857587467994
1.0432322290802514
10.169843454977123
0.9999206872340383
0.9854456969185367
1.023140752265731
1.000779794322052
0.9999206872340383
0.9880360334619531
37457.59204809231
26.465694410868647
1.0722984594879887
423.2510535912613
10439.615380741
0.9999206872340383
0.978967505926243
2049.1503877775335
0.0
0.67333911374327
0.9832702677148374
1.0006466973154755
1.0052459916515961
0.9918499816095916
0.9999206872340383
0.9924701099627796
0.9754437734459867
15989.994109242507
0.9774969966088105
1.0121558169123075
1.1585261266957159
0.9969385436890904
0.9667235339390178
1.1492852531301914
432.8840701278132
0.9515308123625403
0.9999206872340383
7509.7060661961195
0.9999206872340383
0.0
0.9539773995605417
0.9993428392679415
42.38234482177242
0.9999206872340383
1.109208665529453
0.9999206872340383
2628.1924752172804
0.9940234425906971
1.0298583854383923
1.0805845314435158
486.8984687558178
4409.829649701473
0.9999206872340383
1.1264992150224862
29046.61557221348
0.9999206872340383
0.9999206872340383
6098.907951068005
0.9999206872340383
0.9999206872340383
0.0
5.2540201712303105
6.498527187824909
6.328888952391454
1.0171112225553824
22.67316626902596
221.75926757175506
0.9998017026576774
1.001156471937534
1.0031987725315354
0.9999206872340383
0.9870445163233585
1.0565465575142128
9372.185053467927
0.9567727642124424
0.9999584349526035
0.9891714402797522
0.9780284090485579
33869.161683764505
0.9548283135200135
0.9999206872340383
0.0
0.8566806491019722
84.27775822953716
23.708408833387065
0.9963499814670879
286.89413078086005
1.0900438570467477
78.85735123281239
1.0348093144916817
0.9976616009444758
1.0720159906699713
3151.748601790717
3808.749985015845
0.9999206872340383
335.72725727168967
0.9908065569660506
1.1142373274209938
0.9999206872340383
0.9530453485424598
147859.3381622272
51873.05755835997
0.0
0.8143721391791718
13.925820501081693
0.9708790370306506
718.2853798717169
0.9999206872340383
1570.1074392653159
1.032282382211831
1.0074042735856816
442.7915877638368
0.963794505748733
0.9803713149625191
0.9999206872340383
0.9999206872340383
1.1921383808916484
1.1145391215558422
0.9999206872340383
82543.01612009156
2419.583311278648
0.996262656198027
1.0141516282440874
0.0
4.943354335723344
0.9911337605702707
1.0652971832677582
1.0086814749150592
1.267025338367529
2.159394021031709
0.9968870619885342
4.870274354685698
0.9999206872340383
224.0531657712346
57.29769588922705
1.0337228422878642
0.9999206872340383
1.0610835867500978
1.0092306063030134
0.9999206872340383
0.9999206872340383
611.4681335792318
0.9999206872340383
19203.33215324655
0.0
0.773778443069472
0.8425241788716362
30.178901658888957
37.37768515278032
1.0003861231747215
1.0278112254803986
1.0472660293312661
0.9999206872340383
0.9999206872340383
0.9996607949614502
0.9999206872340383
1.0483603827165067
1.046006666416603
69.21539543904345
0.9999206872340383
0.9999206872340383
0.9999206872340383
1.440734862336361
58365.353830365464
1.2125826118424285
0.0
0.8654132913854964
16.880798459357507
1.0063232375049678
0.976819893221804
0.9999217583741886
0.9999206872340383
20.202427507415088
0.9988378367775681
7590.006880755325
0.9783212342329544
0.9999206872340383
1.20699080279607
1.012318562191931
0.9999206872340383
1950.655048742286
0.9999206872340383
0.9655777755608488
0.9999206872340383
1.1022354403560592
0.9999206872340383
0.0
0.8009947458959527
21.342583909248333
2.763852242470947
103.9403300231414
0.9999206872340383
0.9999206872340383
0.9939644876990442
0.9949316276619542
0.9999206872340383
0.9789162651104246
0.9999206872340383
0.9713398464333257
2518.0587375489154
1.0395364634967434
4812.502187738523
0.9585173552978937
2400.507861548219
0.9999206872340383
0.9522163869461495
11667.115060983704
0.0
0.9448764390752838
0.9820549157995725
0.9999206644819606
0.9852342550496115
0.9999206872340383
1.0023477828967797
1077.5438995279344
0.9962674623485511
3298.985558751499
1.080408559371377
0.9999206872340383
11.203185814890395
10.712512143084501
0.9664101105591563
35.73787669698951
1.0064024415087267
0.9884585102244614
0.9999206872340383
6226.4796940515325
1.01481553723521
0.0
0.782671438990697
2.1455021964130214
1.0043288419825829
17.689580503463187
0.9999206872340383
1.4273525284117747
2.2814152495106623
3061.109320061724
1.007690282791927
0.9999206872340383
6500.295866400284
526.7081259914179
1.164084432191762
1.0048569794046476
1.0045460765550553
0.9999206872340383
19733.816759949343
11504.89160057596
0.9794240687051361
0.963632312986696
0.0
1.446640128073359
0.791154038448563
12.733086000123258
0.9999206872340383
1007.4264453605323
0.99782881533102
0.9999206872340383
1.0254638787339136
0.9999206872340383
1.008508663354225
1.003832293893798
3718.728516508205
1.0330766070667747
2336.732081573493
0.9522194289002827
0.9999206872340383
1.0976195497793062
1.0106116595530124
22439.776396535824
0.9999206872340383
0.0
3.1706190661762665
0.9308221961169653
43.41629175949731
1.0122380890791487
0.9891572884721764
0.9675000236178003
1175.8002413338138
1.019078562942742
0.964069050239762
1.1912458708754252
30656.16723471671
0.966375885777181
0.9999206872340383
0.9999206872340383
0.9999206872340383
13474.242870129803
0.989890852672179
0.962342631607152
0.959584688121064
0.9542183344353581
0.0
0.5167820502819924
0.926963337349259
24.9799140456995
1.0029604548033275
1.0004247284701016
0.9907180431761382
0.9777918852457602
3.192362328068575
0.9768045488746209
0.9999206872340383
2965.280068082813
0.959688417387432
0.9999206872340383
19234.54391228304
0.9579586475868078
17846.040176213362
0.9690438400207836
586.9119065568677
0.9827424194686113
1.0027421863953392
0.0
0.25582145274689205
0.9697586581608129
2.3616545213746334
0.9999206872340383
0.9999206872340383
24.521240771539915
1842.9121056945053
3764.907634952318
922.3881795433573
9.045017142632691
0.9999206872340383
0.9973590674612105
57150.68536076877
0.9999206872340383
4497.504258081321
0.9999206872340383
0.9999206872340383
1.0323161910200258
207.16575455120196
0.9999206872340383
0.0
0.9481441177270641
33.41210309849555
0.9997525404787303
19.902192718568934
0.94914699918102
0.977531310830385
5.202163350290713
0.9880780933760932
0.9885289277256851
950.7024440796453
1.0001060873624115
1.0062398889861894
1113.0436297435758
1.0659105226441636
0.9999206872340383
1.0162309741119189
0.989154621260006
0.9531356393513929
1.0276908137441674
53093.93023831024
0.0
0.7423854587270883
0.7499183822650178
12.928366342327097
0.9948996465051866
0.9999206872340383
1.024291733730403
0.9643155619387548
49.66833959418278
7.799164984774695
1.3831548241303546
0.9772898746735912
1.0533032086274288
0.9636325810811687
0.9999206872340383
1.0136059070740382
1.0021912856393802
0.9999206872340383
0.9999206872340383
0.9999206872340383
34526.050727700065
0.0
0.6824589839771851
0.8138204458496429
0.9999206872340383
1.0435386430499465
1.0051124613491271
8.8419079495128
0.9994303558909281
1.0006797655893935
1.0136567665635585
19446.070427909726
1.0835180751511608
0.9999615050528828
51.02834755221279
14059.889308821479
1.0419781852242211
0.9571050702521507
4078.4839239777125
0.9999206872340383
74545.01152892786
5581.523296558202
0.0
1.7289093656285952
1.000322815770276
0.9196646273040129
1.0107897923248306
0.9999206872340383
3.73636573284832
0.9814699322134965
0.9999206872340383
0.9999206872340383
0.9999206872340383
0.9977036617166198
8043.739668179802
0.9517146637320013
1.0170100968978
14072.501634244805
1.0232738045100769
1.144467979399805
0.9520044115773382
0.9999206872340383
1.1574727556500883
0.0
0.6065250612738772
2.7281066832375003
0.9999206872340383
14.052602099480389
348.62875305285206
1.0432147839485537
0.9999206872340383
1.060019688811059
1.0185446843778359
5.6449002499639604
1.0194628211806855
530.1286365413422
0.9564915255199614
0.999854202674225
1.0441157813892021
0.9999206872340383
0.9986762460876865
5033.85841410283
30026.207668097744
0.9999206872340383
0.0
0.7330465693652435
0.9978246639758098
1.0000917508702005
31.953537294535373
0.9999206872340383
1.076697887420498
0.7533537238181877
1.1203747043069903
1480.564139586777
0.9999206872340383
1.0517306840558707
0.9999206872340383
0.9999211992364934
0.9876798202369615
0.9999206872340383
0.9999206872340383
0.9552278108945907
0.9999206872340383
12034.608018318473
16.240244498591096
0.0
2.765176503626399
0.5898659943878314
173.38465500421387
153.75910217371197
0.9903059070127617
127.12094077008842
0.9999206872340383
1.8581156668520946
0.9999206872340383
0.9999206872340383
3128.3314735199347
24435.6526407548
0.9999206872340383
0.9999206872340383
22107.415532642364
0.9999206872340383
0.9576413270406896
11037.524372646925
791.3445514439256
0.9999206872340383
0.0
0.9942818275173727
3.5432703302809956
2.313996453522901
0.8310138626212779
223.22098453659547
1.0943107828075511
16.687182356327202
1.0269521256318126
1.0005125274149715
329.6078471889626
6.615027268343525
488.8222231251984
1.044111891698749
29385.226316762742
0.9999206872340383
0.9898370152389531
1.034589209897101
0.9999206872340383
0.9572947976072389
7439.1671787596415
0.0
1.9621538338518403
0.9968716459801433
1.0020955705682235
265.09681688591814
0.9999230959336776
93.10497629793981
144.5729514992981
1.422803835022658
0.9999206872340383
1219.3155362041875
14239.992428279143
281.8793969540313
1.0063788139241416
3521.1530531121252
16026.74282090156
1.029743533476841
0.961682015804451
0.9732653387730672
1.0253019446869118
1.0839036102671171
0.0
2.470579527816018
0.7204257286322893
0.9999206872340383
15.427137864717363
34.36538205152525
711.0063098303286
1.0154759011853984
0.9999206872340383
0.9679012614011736
10335.05797552947
3.775944599190986
0.9731525294036621
1.0846808812408464
362.02872562673616
0.9576134307380227
0.9999206872340383
1613.8863920147958
1.0389765768899277
0.9999206872340383
0.9999206872340383
0.0
0.5998056394511542
0.9842058743905011
0.9850713747779215
1.6149957527747545
1.77917924047165
209.37365155288316
1077.7357653620568
0.9999206872340383
1.0026738446530794
0.9852950206271914
1.0001291133777022
1.0164340116306194
1.077874379703802
1.054584195818729
7.078590533911614
0.9999206872340383
12344.20515393686
0.9595295175515783
27244.7363447614
1.0537444513086411
0.0
0.8655274152126083
24.64033501667386
1.1476957118378102
0.9045794333340414
1.0111146016693109
186.02642727272456
0.9999206872340383
0.9620807461624674
615.9656950945931
0.9718859920227916
0.9999206872340383
3542.6098545443965
1893.326569240799
0.9717885116907223
1.0560123332194198
1.0911618782151786
0.9999206872340383
351.1387690945752
7506.619473458081
1.0345404070673063
0.0
0.5833659698718315
30.912768735124995
0.9633812381906437
1.006486713639172
1.0121024207363287
0.9999206872340383
6.810932606127423
2785.7090624222133
188.77165589467012
0.9727433141254287
13.20974860290825
12888.231958696028
0.9760554234722563
1.022660420134041
684.8792274422505
321.81772996726045
0.9999206872340383
1.0070146567919844
1.0468120443263302
0.9613471125817196
0.0
0.7087719783778071
1.024059915577096
93.81973755897079
1.0267351225421626
1.0507084760786585
0.9999206872340383
0.9999206872340383
0.9735430194750964
1.036228531456207
1.675710313586783
9587.8539747644
1.0075720324966877
0.9672052544236714
0.9999206872340383
0.9999206872340383
0.9999206872340383
11447.987985669575
0.955455191004891
41.271678731215204
138.75473757132613
0.0
0.44288301498718485
1.0810265474195522
0.9993619870405664
1.0117570784369168
1.0015264390157668
0.9999206872340383
1.011325481044595
1.0119311531688862
3370.603930001406
15.484709758468744
161.46277123798413
14805.72263594381
1.0116076807918954
0.9936165027113336
74.66881706981106
1.1754949987928163
0.9999206872340383
0.9999206872340383
0.9999206872340383
0.9797311523172705
0.0
2.6293657898557026
1.010073474194348
301.59737215658777
0.943432988910261
24.386276133279853
1457.1858212608463
0.9999206872340383
1.0068603763523414
0.9999206872340383
2.198169221556422
0.9984224692093556
2971.8391980267484
1.0794785520933394
0.9635302227697264
0.9999261336786424
0.9929031864881543
1.16999231124546
0.9999206040279216
7696.579661466947
1.028332301331002
0.0
0.9181709616020319
18.594285800365324
1.747333871193381
0.9999206872340383
0.9742749664288709
1.0029431913705469
1.041145227818411
1.0106665509737005
0.9999206872340383
1.0421467453905082
1.0131164325173772
1.0062000904487642
310.3415627194449
0.9999206872340383
0.9999206872340383
0.9999206872340383
0.9999206872340383
26.507601213373142
1.0097136388265515
1.0208637439679007
0.0
0.5503517385334442
1.260776366706617
0.939389346237001
8.888379232661098
0.9999206872340383
0.9646613388314027
315.18496248474077
3584.3837308739085
5600.707314239529
0.9759164492867783
0.9834359912573405
0.986164867253032
2771.609933998889
0.9999206872340383
1.028464079718671
0.9884860938348684
16.606545347158935
0.9999181939405406
21455.345648923958
0.9999206872340383
0.0
0.7636300851396078
1.1938145781259082
1.0009090957986175
224.10720902453573
663.4327545388564
0.8535274561001857
41.54996783095696
1.0377896056911988
1.0030481174621202
0.9892270638929751
134.9142307673352
104.05382223194773
1.0027566431388473
0.9999206872340383
1.1199798118815418
53.722460429622735
0.9999206872340383
1.0238639785627328
1.0197606306112685
29833.63634570338
0.0
0.7227253377207512
18.861286131309633
0.9999206872340383
1.0059135652566467
0.999852724364742
1.0040799070364148
1.045647452610731
0.9996884118052134
0.9999206872340383
1149.7192049777814
0.9999206872340383
0.9999206872340383
5916.335426018469
0.9584086327716554
1986.964934888101
1.023039016382457
1.0577003145728054
0.9657224308956417
0.9514971606089662
87872.8662498368
0.0
3.532491170966681
1.0031206057826556
20.445793066402285
66.2098483692794
332.07600624738427
1285.571703806787
1923.9929141946654
96.04209679356964
820.0072634533882
330.87644421950284
0.9997449944754713
1.0238216347811868
1.0008151427501564
7348.163414664918
0.9789445569943709
28942.419960082752
0.9629478376937176
0.9999206872340383
0.9522961262793178
0.9999206872340383
0.0
1.5091444071820046
1.0144710133456079
0.9999206872340383
0.9871811831374758
928.8414848607499
0.7652319532741932
20.853471487240814
15.715617605363514
2926.5164463795163
0.9817901677555553
887.7610631318472
783.5003926064948
876.6582998859898
0.9999206872340383
1.13923880294717
1.0084787598823477
0.9999206872340383
3506.775072242888
1.0328640286233477
0.9804926422033277
