0.8923
0.6545
0.3814
0.101
0.0974
0.0984
0.108
0.1176
0.101
0.098
0.0974
0.0974
0.0974
0.101
0.1279
0.098
0.0892
0.101
0.0953
0.0974
0.0974
0.8923
0.6713
0.1721
0.3027
0.2682
0.2025
0.098
0.101
0.101
0.3903
0.0974
0.101
0.1053
0.098
0.101
0.0974
0.0994
0.0974
0.0861
0.098
0.098
0.8923
0.5863
0.3308
0.5818
0.1008
0.4773
0.098
0.101
0.101
0.101
0.2429
0.1834
0.098
0.6677
0.101
0.2022
0.098
0.0974
0.101
0.098
0.098
0.8923
0.6161
0.6335
0.2467
0.101
0.0983
0.1065
0.0974
0.2083
0.0974
0.098
0.098
0.101
0.101
0.0982
0.101
0.101
0.098
0.0985
0.0892
0.101
0.8923
0.576
0.1014
0.2105
0.0974
0.2817
0.0944
0.0892
0.0974
0.1014
0.101
0.0974
0.0892
0.0974
0.0974
0.0974
0.101
0.1028
0.101
0.0974
0.101
0.8923
0.3058
0.3883
0.1759
0.1493
0.2286
0.1119
0.098
0.0974
0.0974
0.1466
0.0986
0.0981
0.098
0.0982
0.0892
0.101
0.101
0.098
0.1028
0.0974
0.8923
0.7306
0.6576
0.1015
0.1028
0.1628
0.1004
0.0974
0.0892
0.098
0.101
0.0974
0.0974
0.101
0.098
0.098
0.0974
0.098
0.1292
0.098
0.0974
0.8923
0.5984
0.198
0.143
0.1906
0.0974
0.0974
0.2698
0.0905
0.0892
0.101
0.1111
0.0974
0.0892
0.0974
0.098
0.101
0.0974
0.0892
0.098
0.098
0.8923
0.3407
0.5255
0.101
0.2354
0.1821
0.4265
0.1117
0.101
0.1558
0.1146
0.098
0.1012
0.2062
0.098
0.098
0.0974
0.098
0.098
0.098
0.0974
0.8923
0.5893
0.4882
0.46
0.1728
0.098
0.101
0.5743
0.098
0.2466
0.101
0.098
0.1055
0.1446
0.098
0.0975
0.0892
0.1009
0.0974
0.101
0.0974
0.8923
0.3287
0.1853
0.21
0.098
0.2014
0.1028
0.0974
0.101
0.1028
0.236
0.098
0.1028
0.098
0.1028
0.098
0.536
0.098
0.098
0.101
0.101
0.8923
0.6788
0.218
0.1556
0.098
0.0975
0.0985
0.101
0.0974
0.1204
0.101
0.0986
0.0972
0.134
0.101
0.098
0.101
0.098
0.101
0.098
0.098
0.8923
0.4876
0.2267
0.183
0.0974
0.1204
0.143
0.0977
0.098
0.1634
0.1975
0.0974
0.1028
0.0974
0.098
0.101
0.0974
0.0974
0.1043
0.1014
0.098
0.8923
0.7329
0.0974
0.182
0.1075
0.2104
0.2024
0.098
0.1028
0.122
0.0993
0.0974
0.101
0.0974
0.098
0.0974
0.098
0.101
0.098
0.101
0.098
0.8923
0.5106
0.2996
0.7355
0.109
0.0987
0.1206
0.1876
0.101
0.101
0.1009
0.1014
0.1691
0.0974
0.0974
0.101
0.101
0.098
0.0974
0.0974
0.101
0.8923
0.7253
0.3097
0.4089
0.3015
0.1028
0.2744
0.101
0.098
0.0974
0.101
0.0974
0.098
0.101
0.1028
0.098
0.101
0.0974
0.0892
0.098
0.1295
0.8923
0.8184
0.1028
0.1841
0.157
0.1059
0.098
0.1096
0.0974
0.0974
0.0892
0.0974
0.098
0.098
0.087
0.098
0.105
0.098
0.098
0.101
0.0974
0.8923
0.1944
0.106
0.3269
0.1492
0.1276
0.1262
0.1339
0.1021
0.1028
0.0997
0.0974
0.098
0.101
0.098
0.098
0.0756
0.0974
0.101
0.101
0.0974
0.8923
0.561
0.2779
0.1858
0.1813
0.098
0.101
0.0974
0.098
0.0908
0.098
0.098
0.098
0.1028
0.098
0.0974
0.1194
0.098
0.1092
0.142
0.098
0.8923
0.7774
0.6021
0.098
0.2374
0.1321
0.2009
0.1415
0.251
0.1028
0.0974
0.0974
0.1741
0.3472
0.098
0.101
0.098
0.0974
0.101
0.0895
0.098
0.8923
0.8588
0.7124
0.0974
0.1028
0.1017
0.4105
0.1129
0.0974
0.0872
0.2897
0.1011
0.0974
0.0972
0.101
0.0974
0.0974
0.098
0.0895
0.0956
0.0892
0.8923
0.8206
0.3191
0.3425
0.0974
0.0974
0.1038
0.0974
0.1051
0.0967
0.098
0.1002
0.1098
0.0974
0.0974
0.098
0.101
0.101
0.0892
0.1004
0.0974
0.8923
0.8681
0.8435
0.1442
0.2255
0.0974
0.101
0.2947
0.0974
0.1009
0.0974
0.098
0.0974
0.098
0.0974
0.0974
0.0892
0.101
0.1084
0.0974
0.0974
0.8923
0.883
0.6277
0.0981
0.0974
0.0953
0.098
0.1099
0.0989
0.101
0.0974
0.0974
0.098
0.098
0.0892
0.101
0.101
0.0974
0.101
0.1028
0.098
0.8923
0.3489
0.1028
0.2699
0.153
0.101
0.0974
0.1162
0.098
0.2247
0.098
0.0974
0.098
0.101
0.0974
0.141
0.098
0.0974
0.098
0.101
0.0974
0.8923
0.2209
0.1697
0.3512
0.2636
0.0974
0.1125
0.1304
0.1642
0.1025
0.098
0.098
0.0974
0.098
0.101
0.101
0.0941
0.0892
0.098
0.101
0.098
0.8923
0.6217
0.6528
0.1028
0.0974
0.098
0.1991
0.098
0.0892
0.0974
0.098
0.1028
0.1003
0.101
0.1028
0.098
0.0974
0.1278
0.098
0.0892
0.098
0.8923
0.6874
0.2786
0.2718
0.1557
0.138
0.101
0.098
0.101
0.0983
0.0974
0.0974
0.1541
0.098
0.0974
0.098
0.096
0.098
0.0892
0.098
0.098
0.8923
0.2559
0.2493
0.1016
0.1018
0.0974
0.0974
0.1396
0.098
0.101
0.101
0.0974
0.0974
0.0974
0.0974
0.0974
0.1114
0.0892
0.098
0.098
0.0974
0.8923
0.5403
0.3172
0.2694
0.0974
0.188
0.296
0.2151
0.2044
0.098
0.0974
0.1028
0.0974
0.1622
0.0974
0.1451
0.0892
0.101
0.0974
0.101
0.101
0.8923
0.7574
0.1934
0.1014
0.2938
0.0988
0.0974
0.0974
0.1091
0.101
0.101
0.1144
0.101
0.0892
0.0981
0.098
0.101
0.0974
0.101
0.0974
0.101
0.8923
0.7715
0.5395
0.1611
0.1951
0.098
0.101
0.1028
0.0974
0.0974
0.1316
0.098
0.1028
0.101
0.0974
0.101
0.098
0.098
0.199
0.101
0.098
0.8923
0.1583
0.1711
0.1407
0.4579
0.1925
0.1825
0.101
0.1801
0.1715
0.098
0.0974
0.098
0.1011
0.098
0.0974
0.0974
0.1028
0.098
0.0892
0.1001
0.8923
0.419
0.1054
0.3144
0.389
0.1057
0.098
0.0974
0.0974
0.0974
0.0974
0.1028
0.098
0.156
0.0974
0.098
0.098
0.101
0.0892
0.101
0.0974
0.8923
0.3478
0.6051
0.1358
0.0998
0.1724
0.101
0.1699
0.101
0.0974
0.0974
0.098
0.101
0.101
0.1028
0.1028
0.147
0.101
0.101
0.0974
0.0974
0.8923
0.7809
0.4948
0.4719
0.0974
0.0974
0.0974
0.1597
0.1262
0.098
0.1009
0.098
0.101
0.098
0.0892
0.0974
0.098
0.0974
0.0974
0.1011
0.098
0.8923
0.6598
0.2467
0.1807
0.1084
0.2765
0.1028
0.098
0.0974
0.0892
0.101
0.3289
0.1028
0.098
0.1181
0.0974
0.098
0.0892
0.101
0.098
0.0974
0.8923
0.2282
0.336
0.7489
0.2123
0.101
0.0974
0.0937
0.101
0.0974
0.098
0.101
0.098
0.0974
0.132
0.098
0.0974
0.101
0.0986
0.177
0.098
0.8923
0.5884
0.103
0.1851
0.3877
0.8322
0.1012
0.0974
0.1014
0.0974
0.0986
0.101
0.1062
0.101
0.101
0.101
0.098
0.101
0.098
0.0974
0.1067
0.8923
0.5229
0.7773
0.2281
0.0974
0.101
0.2484
0.1223
0.098
0.101
0.101
0.0974
0.0976
0.0985
0.0974
0.1028
0.098
0.098
0.0974
0.098
0.1028
0.0974
