0.0
1.4876271003998272
0.8577775069514177
0.9996728650645722
0.9999296705823894
0.9939037328851347
0.9997902102225559
0.9960552098002703
0.9975642144184262
450.7402765351089
0.9999346115550176
0.9999346115550176
0.9999346115550176
1.0397387206877275
2.2729264821950546
0.9897338903750831
54552.47177531316
1.004366046208211
1.0277532648288863
0.9999346115550176
0.9999346115550176
0.0
4.368576928801976
0.97307908671348
22.709032335895554
78.06152136168261
2.516140172954773
0.9955188033978073
0.999728327846194
1.0199259145435373
14.143622405010314
0.9999346115550176
1.0382899584420018
388.56843551735386
1189.7854969691118
1.0220909055689598
0.9999346115550176
1100.04810942705
0.9999346115550176
77.6447898413117
0.9933033301001711
4099.8547901909815
0.0
2.3090241968618805
1.0036981155636095
12.887274518928843
1.0035223359455807
5.478953176517966
0.9964534042812536
1.0139386747636572
1.0028876994909035
1.0101300185534092
1.0215543789181074
8.804858766076803
0.9944875851006691
1.6088292360313936
1.0036384392464919
1.1373659913901795
0.9895658594969262
0.9999346115550176
1.0323572558266987
4948.501354438869
6790.1756836120985
0.0
1.9694255251771542
2.5095917661109417
105.5021333924527
1.0234704177414524
1.0033474996115954
387.5739434154178
0.9999346115550176
106.73084840229917
0.9999346115550176
0.9883878299053964
0.9883385943030593
1.0684861265918268
1.02021923907024
0.9984693344244802
1.038206913110562
1.008105477972874
1.005166607895609
0.9937000689354193
49838.17702354515
1.0409833301029492
0.0
0.8341791369952961
1.0041261894512374
1.8246896893003888
0.9999346115550176
11.445026632976312
1.0407768432605877
3209.5777219288702
0.9999346115550176
1.029071141125888
1.0063980302989317
0.9999346115550176
768.9450943501939
0.9999346115550176
0.9999346115550176
0.9999346115550176
1.000823322097911
4240.698141622561
1.0046240824644002
0.9999346115550176
1.0280826686238576
0.0
4.437336703468076
0.9041127224967223
0.9920178944883236
1077.2358098715647
0.961258267447143
0.9977063364104635
0.9929726078846715
0.9999346115550176
0.9999346115550176
501.6469322723508
1.0889905820561674
1073.1709939186296
0.9884516118088862
1.2244986905422883
10275.605903633226
1.0131718251213517
0.9986887999782563
0.9955453358118621
4420.745425043238
0.9999344581860102
0.0
1.6557479788943574
0.7110412889533758
0.9980328368765998
45.83043762237889
188.4235518506153
0.9934764681749622
0.9999346115550176
2042.106770289541
0.9895966520040558
1.010175517709056
0.9999346115550176
0.9999346115550176
1.019748564464892
0.9938036244207723
0.9924016319531014
0.9999346115550176
1.0098481586213055
26.401674184776837
0.9897962699040705
0.9999346115550176
0.0
0.833574504583015
0.953516546831964
0.9877018810195012
1.3535558574757516
0.9999346115550176
0.9999346115550176
34.98826697238188
811.1325431066084
11227.726634266479
1.0220760259952602
0.9944475714508998
0.9999346115550176
46087.428115664654
0.9999346115550176
0.988456821481131
1.0160282859274867
0.9999346115550176
9851.1589353524
6410.888268390673
8225.996285275321
0.0
2.2210182819562427
0.915865575177356
1.0039027601696209
2.72144238368468
122.87054117241853
23.096332624299436
1.1657666902078139
1.0227626574608204
3.535300356577771
1.0070313689410944
1.0058880373834393
1.0344812864629265
4.228888835890097
0.9941982184386919
0.9906217287315543
0.9999346115550176
1.007809969891106
0.9960199547598986
6260.624083495179
0.9999346115550176
0.0
0.771779792615175
2.5935406745488785
19.6037566141799
27.201448939647513
453.56774922809257
0.9972380214248803
0.9777344953010018
0.9960107063192228
0.9794108742192787
1.0651451960987193
2174.903292178997
1.0216389888949777
0.9862443389289725
547.1995800401248
0.9996494943710993
4527.706955505477
1.0085281563164445
0.9999346115550176
1.0222018023854902
0.9999346115550176
0.0
0.9042657807509059
117.5716221138578
0.9799593558650537
0.992694821088686
0.9825835664285278
558.9517943610764
0.9999346115550176
1.0195455069143509
417.508095530028
100.59018649199577
3973.6076611753833
2781.4143895973725
8033.947312907699
10947.549047104756
0.991674538776535
5.4426945119628
0.9886740584018545
0.988293194038114
1.0800403445742914
1.0592958063750342
0.0
3.3103739995951305
28.11993210939667
0.9976557233576783
0.9966609465839995
1.0066075889388384
1.1624781901624353
1.0306667640612643
0.9999346115550176
10.596158731725774
1.0045443429725587
1.0044917859282951
0.9999337542412957
2.2202931224905065
1.0538501149880517
0.9887042374959195
1.0082668395219911
0.989419652088017
1.008656913963084
5483.3806832939745
4488.849710826542
0.0
3.1673534467627666
0.9773367182742325
0.9882067934362341
0.9999346115550176
174.86662933289278
1.3797029000437162
0.9997971734635697
0.9907924661203054
0.9769358301418437
3.4947862236405807
0.9999346115550176
986.9223110212255
0.9999346115550176
0.994353450415855
1.0419197286202508
0.9999346115550176
0.9999346115550176
1.3108941912839744
1.0177335666354161
0.9883308729291913
0.0
0.8030851923187868
0.9999346115550176
0.9918219745514385
1.0004931784708557
2.5998635860710384
15.604809603609091
0.9904789648593704
401.0750792922338
1.3813707300079536
0.9975299987574564
0.9999346115550176
1.014589273640447
0.9999346115550176
0.9893446796255194
0.9999346115550176
0.9958071960972221
0.9986498979851273
0.9890500435108407
1.015220964162819
57587.31815915271
0.0
0.8716413411961883
0.9066345592805375
3.5075755289401123
1.0017005458650035
0.9905067807872976
0.9993771354976487
7.313523744303654
1.0157900474032848
1.0195209423991023
1.001283239695941
1.0197314390889978
0.9932328149277055
0.9999346115550176
0.9999346115550176
1.0580916288676503
0.9983404024161832
14977.290103941434
0.9999346115550176
0.9999346115550176
1.0164139093510116
0.0
1.3754815030304903
8.938181773516261
13.784718866354257
43.83737618009948
155.89390391273707
2.5624535589892288
0.9985779055699702
0.9890119672276408
0.9999346115550176
1.00414282128109
0.9999346115550176
0.9890196276430576
1.0334926707979502
2106.1712209865213
0.9895245650414649
1.0448349909379324
0.9999346115550176
2505.6227842667563
0.9891413536609448
1.23953753264934
0.0
0.9597612115728236
231.1703881717947
80.75399357956965
0.9848801509259334
0.9995748807395555
2389.707233936913
1.0098099853923148
0.9999346115550176
0.9999346115550176
7920.47611230346
0.9999346115550176
17536.643870192373
0.9883006473884791
1.9581287040362454
1.012268930268576
110.73833545453071
0.9911331568694991
68754.24012357858
1.017302645935603
0.9999346115550176
0.0
20.442878089992718
1.0134713791325674
2.2413378286119414
1.3925788106835382
0.9988511358390195
5.998558646554351
132.79885664846032
0.9990886205770729
1035.9065971411749
1.0264470135352697
0.9999346115550176
0.9891656856054749
1.0066913109060283
9520.152027308102
8257.212862302536
1.0081590768358137
0.9999346115550176
1.0633289372260926
1.0558050439012876
0.9999346115550176
0.0
0.7374221521385876
1.1502874904150118
77.29798064261254
423.95784157376033
1300.756684280925
1.0146882799393124
0.9999346115550176
0.9893313807555582
692.5473774131204
0.9902506048540172
0.9884105073036326
31996.498866822145
675.3498480535711
1.0071011041779914
0.9999346115550176
0.9964946944228019
0.9952758266465631
1956.3610579540627
35.76142763447293
13936.165725360037
0.0
0.6112758128575076
1.9186802889105927
0.9943583434587329
1.3946660633280548
1.0520106233516768
0.9911160133493959
0.9871091825726366
6.532151824965379
100.30950521344421
0.9999346115550176
0.9999346115550176
54.47535516733931
17.14385584249518
0.988716226962999
1.0605113967948816
0.9909502490380497
0.9999346115550176
1.113029369920717
264.5449952503388
103472.74393086403
0.0
2.6439248571126677
3.1715647260938074
0.9999346115550176
355.2879041681563
0.9983629711947439
1.828995980793096
1.2004411040546672
0.999934483511609
1.0008863696000003
18.506713216977555
1.054782099233144
0.9999346115550176
1.0159110444128687
1.0070862683866515
0.9999346115550176
0.9999346115550176
0.9920803004404976
173.19088603766016
6.07454499013535
60691.06521741147
0.0
1.2387678038466923
0.9233382188337608
0.9742961783598384
0.9999346115550176
0.9999346115550176
1.0039881906071713
0.9999346115550176
0.9998475133148951
0.9999463364133725
0.9903987658833995
1.0867173352920931
0.993415029122457
0.9999346115550176
0.9999346115550176
0.9898204350420838
1.018370177491685
1.0308580799289226
28970.202372985015
1.040175983924171
0.9999346115550176
0.0
0.23064623917224011
0.4877171816406926
0.9830082309472743
0.9832907323618003
0.9999346115550176
1.0060721965735884
4.390463792443773
0.9999346115550176
3.161004892800686
0.9999346115550176
26071.051667724514
0.9999346115550176
3173.9381247863935
0.9999346115550176
0.9999346115550176
1545.7327630392147
1.0116946295229492
1.456451938468972
0.9999346115550176
0.9999346115550176
0.0
0.7558301240407581
0.7316124968153606
454.913242218048
0.9999346115550176
99.3651496813966
733.8919922925027
1.7013107222801815
0.9887886072444705
1.0137467075051487
0.9999346115550176
0.9999346115550176
2125.9173546813586
0.9942523518205474
4315.0725180397785
0.9983262771773734
1.0225016078175884
0.9999346115550176
1.0407962470594008
17351.88089446475
0.9990613368783657
0.0
0.8895284286725279
90.46927310843952
0.9734779371979585
0.9834450142638749
0.9986088431277774
0.9999346115550176
2.8001325021676404
0.9934608897894296
0.9809450455351507
0.9885600063689456
0.9999346115550176
4240.378400085934
1.0373129272969763
0.9999346115550176
383.08515163083473
0.9890649501253409
0.9999346115550176
3554.6902913010913
1.044928679047921
0.9999346115550176
0.0
0.9504404188623218
0.9965051571559799
0.9915670215230358
4.3613977051905595
0.9999346115550176
11.439229896271373
19.756051423975443
1.431765675510482
1.2950717775883314
2176.6752954134936
471.6150320374345
0.9999346115550176
0.9888953922755899
1.0149567381495814
1.0574407840324065
1.1330490434515383
5267.579950820899
0.9936037722824101
1.1118751259412885
8887.063213743639
0.0
0.6659797339439866
1.9483034777389676
31.965257652523885
0.9999346115550176
439.76452626875715
159.33992432302455
0.9884707237188581
1173.308150172465
0.9999346115550176
5082.939642316938
89.8896025774867
1.0929721083630697
1.0046890437638716
6464.600828577349
0.9883067671669681
0.9999346115550176
1.433005042999422
0.9883443539192548
63069.26987856784
163948.34558096694
0.0
0.8903329697231213
0.9292053337848488
0.9850748528927055
122.13707610670477
0.9896898959007798
1.0139599712635516
0.9894620207114534
1.0091058143846443
0.9936778133855422
0.9999346115550176
0.9999346115550176
2.1589517297239325
0.9933505061305341
0.9999346115550176
1.0035741529821995
1.4526041357171338
0.9898665251857645
1958.0177596253575
0.9935932052500582
13854.773614537491
0.0
0.9681005499612024
1.5977148913765995
1.0127609416209549
298.1054637973438
0.9999346115550176
0.9999150282474396
1.1497272924265534
0.9885611644091467
1.00996496877588
1.0134106561779759
0.9999346115550176
0.9999346115550176
0.9999346115550176
0.9999346115550176
0.9999346115550176
0.9996923350737594
10953.868194788683
0.9907131229171044
0.9886099853817585
0.9999346115550176
0.0
0.7886403968424742
1.2623120308014875
1.1954020424888638
0.9999346115550176
1.002649484528362
47.50647202538459
0.9584070749805631
144.1098270555213
0.9907842598539875
0.9999346115550176
1650.3804756898228
0.9999346115550176
56.375401913471116
0.9999346115550176
6.33354170093603
2735.1922304733416
1.1087289874939665
0.9999346115550176
1.013363362817808
1.0699124168105294
0.0
2.7128950287071887
0.954190747719478
1.005230017404921
0.9228954057920981
0.992486019793523
0.9999346115550176
0.9999346115550176
187.63782154274114
1.0080032365915559
1.008548961128836
12.596219639128241
1.0051139795264623
127.38403031478197
1.017435127194494
12084.53483304061
1.031704763158361
0.9999346115550176
1.0214401931770716
0.9999346115550176
1.0717447762746357
0.0
1.8494184968964271
2.041607930359462
2.0051050515696267
1.5511210559128812
0.9968970544070346
1.0182670001628094
774.8934275272228
0.9999346115550176
0.9999346115550176
1.2764502286664783
2505.283075723211
1115.8137537779933
1.0115053184368288
0.9999346115550176
1.0659453532040744
5344.279017255743
0.9910720348504529
15.189240316393645
1.1249186307568546
0.9950444856478678
0.0
18.725429578965223
189.0884244661371
0.9968151046992465
1.0766832138758187
1.0258373223352255
100.73982615706771
1.0126157915763938
5.456429700358252
83.61419863030012
8438.362249993677
0.9999346115550176
0.99092680721795
1.0190048808313321
4277.252872858359
0.9999346115550176
0.9999346115550176
2818.8677158084593
0.9956538879537603
4473.905808994548
0.9999114947422717
0.0
0.8663556158396953
106.20950545003292
1.409529743849998
0.8917243478095832
437.65149730501065
0.9884458853111894
0.9999346115550176
0.9999346115550176
0.9999346115550176
0.9999346115550176
697.5571484828171
0.9896745323081664
191.6113500293205
0.9999346115550176
8394.434168562078
2548.5410128274775
0.9994015321040686
27194.916572208516
1.1097050673417563
0.9999346115550176
0.0
1.1914893309883294
0.8038540428358107
79.36115104284893
0.9930548475792734
1.0112003186211802
1.0122576363458962
213.03248703881602
1.0020560826568239
0.9999346115550176
0.9999346115550176
2486.034306024996
1.02954175410518
1.0987204475165264
109.16418928195182
507.08937932470377
2.456453541627629
1.0145360046537022
1.0013523435772094
0.9999346115550176
0.9999346115550176
0.0
2.4791393834263533
2.8115348160047327
2.133355817401722
0.9999346115550176
0.9999346115550176
0.9999346115550176
878.3683126957433
17.88173338400602
0.9940522218743985
1.0237454946528108
0.9903259082482617
1.0032317592405144
0.9915983585710497
1442.5986670422103
0.9999346115550176
0.9956917831338528
0.9999346115550176
0.9999346115550176
1.036585188990971
1043.873459299237
0.0
2.9996525833614127
0.9410832365069772
16.94390048920742
0.9943941569003981
75.06637178930312
56.28222413761298
5233.631325499499
0.9999346115550176
1000.9659628300884
1.0066817960231547
6.709773207058899
15872.10119669284
4336.9667075852
0.9995018271089025
0.9999346115550176
0.9882900142883868
10791.928637290528
1.018531034578453
0.9892538835594462
0.9999346115550176
0.0
0.9383524727876845
44.04740553167605
1.1060808649591547
6.229068530750584
1.000305316993839
0.9999346115550176
0.9966177746903498
1.003614704010478
0.9999346115550176
0.988783491612855
1.004781897228462
0.9885923958700551
0.9999346115550176
281.257949255248
37165.51460571854
0.9999346115550176
1.0023725265851426
102.61559696554627
62.405777611405
30499.785920917624
0.0
3.4047484780695676
43.280691729139015
1.2025988782246861
0.865780989795461
1.612952955220125
1.0328605524342005
0.9999346115550176
1.0003008952148773
0.9999346115550176
88.50782631984887
1.0278723881671856
5.218428307015436
1.0361071199241862
1.013498301250116
1.0244009947611574
1.0067933006882444
1.055138425464934
33004.548868285994
0.9999346115550176
4.6387607022679305
0.0
1.0294407879160425
1.6600399597368312
0.9641877432089568
0.9999346115550176
1.000963891854725
3.8367150308813156
1.1783091853890064
229.4245960745371
1.0154001174186944
1.0082778859973807
0.9999219671254994
0.9999352185131783
105.87642606333293
0.9999338745005257
286.76663518385465
0.9948650057522241
2181.672005902882
0.9999346115550176
12201.649892895934
10595.765760750453
0.9999346115550213
