0.0
0.8678195923223369
3.775201147223015
0.9862818368308146
25.274794622037074
1.4837305862315704
1.0003413298026258
1.0467126209956437
1.0987983272990367
10.893733230937544
1.0091480987909605
4.44401090873786
1.0452015115666455
0.9690586431061127
1.0074027218000758
1.0003413298026258
0.9746528437111867
0.9703772754625615
1.0631010201589648
1.1569316290301794
105.33700884790063
0.0
3.7823438496090414
8.541215801761892
1.1136731172486256
1.0001124569800666
0.9764363735075
1.0003413298026258
1.4286155044134385
1.039888333600882
1.055174533497904
1.0003388287190214
1.0003413298026258
0.9895060061248236
1.0003413298026258
32168.795236485515
1.0003413298026258
1014.0980823959704
2308.832244498362
18.290835404241502
1.0003413298026258
1.0003413298026258
0.0
1.2003445023251662
1.0542581144411127
0.7052857963793022
3.5768342834458373
0.9924263493305675
1.000395612150529
50.92908141063792
1.0003413298026258
1.0348924701137552
1.0003413298026258
1.0450819125552184
1.4589487602754265
5665.188127065263
0.9955676545202853
5.772740535677923
1.2613225995993869
0.9921503101103489
0.975746314606339
0.9782921364847803
2550.2377601739004
0.0
0.6422884838424033
1.0745406486115245
1.019588266944718
171.00071508130657
17.21552149885704
0.9947462722125698
1.0065612934576473
1.0003413298026258
1.0284742440356986
4.007716898794279
1.0003413298026258
0.9808681522476127
0.9746650748465688
634.2456943643305
1.0003413298026258
1.00059596770621
1213.8214037036869
0.9972046166784841
1.0014646081349947
54922.981676063246
0.0
1.1132354821564983
2.00275989993172
19.731690928514496
4.019918002090025
1.0106141617241682
1.0325605301381997
1751.9110357249638
4.275019993587538
1.0003413298026258
0.9855878278528929
253.0305467893354
140.71928792444845
0.9913468254336681
1.0003413298026258
1.0173671398667425
1.2236932642984064
1.0003413298026258
1.036185395847235
1.030398399879561
17224.45737038606
0.0
0.9220208913216623
0.994951842927903
221.67920136945133
64.17087415134566
1.0003413298026258
1.0003413298026258
125.6568306599192
369.71190694080656
1.0111648163061484
142.37279244655176
1.0062613460450487
0.9908351276373775
1.0733948739499584
0.967951780123438
0.9678018317414336
12588.512538997233
1.0003413298026258
1680.9517882409548
13.623696594798439
4.901412021061463
0.0
3.0859826388509037
0.7078410463396669
0.9988797313795025
128.7320696912892
0.9995403593662553
1.0749941860943446
1.0003413298026258
1.001285451751648
1.0003413298026258
9.988051629549403
1.0003413298026258
0.9898075296116902
1.010016184167752
13.132447344396558
37705.98231737195
12805.521545800424
0.9748088986344621
1.088960839316546
1.0003413298026258
40189.6602086282
0.0
0.9719954039020481
1.5380434247420118
1.0192755575604233
0.9990465976408816
5.100621530339744
3283.009202348177
0.970247612841401
2749.6871742120593
1.0142042071740374
0.9813551795313491
1.0420049275192345
1.014426048605108
13944.182700769752
1.0007725854286098
1.0003413298026258
0.9762588461508784
3081.2917709747667
1.0003413298026258
24541.11329790546
1.0003413298026258
0.0
1.0176886292951046
0.995115030850664
0.9682817594979213
1.0144906404063345
0.9925569669458972
2.495080125958077
118.7414226916104
2.204203020209077
1.0103236346101498
1496.340217647692
1.0003413298026258
1.0003413298026258
1.0600750775808179
0.9935360425270081
73330.15203768223
1.002317159162575
1559.928418320961
0.9732435089329847
1.0302418157869286
0.9852728506277308
0.0
0.9341436891453504
1.9442005262859763
1.0029603587249232
3.248675526515312
1.0003413298026258
1.0141378047497438
0.9859819088870009
4664.258101684802
1.5465441184870936
1.0003413298026258
13013.220014525861
1489.5244089633966
1.0172518778502373
0.9826966899521538
252.69251523404546
1.0003413298026258
1.0343457463341101
5.235023830927155
1.0022105190413373
21189.125540797344
0.0
0.5252780058359129
1.0868416975557764
0.9942974849172866
35.46596024689434
215.3775265630693
0.988813716857161
1.0452616112257527
1.0003413298026258
1.000541209007647
1.0003413298026258
1.0393604560439105
0.970738799349254
1.0107744212900651
1.0219952682553013
1.0003413298026258
0.9905880664556717
38707.75006125082
1.115137810866415
1.0621359897529188
0.9885984991873272
0.0
0.44376616984667644
0.9998968924841771
32.08261899116975
0.9914617356617426
1.0003413298026258
45.74916759071009
0.9817002836825088
1.0020532786762402
0.9856210266874227
1203.02279744263
1.0003413298026258
0.9877945996323916
1.0391737923274242
1.0324568797484854
1.0003413298026258
0.9801823296714494
1.0558753745841725
1.0003413298026258
1.0555155584326754
1.0184487657915773
0.0
0.8886367096867295
0.9696189929723695
0.9548441799982365
103.38167368614037
6.0697089907562765
1.0003413298026258
1.0003413298026258
2.5579332192568227
1.0003413298026258
0.9672189129511932
0.9891412320797827
0.9972028082066364
1.0003413298026258
2701.3486396591275
26087.649300859277
1.0504016878451656
23156.06967731812
1.0174172819470284
1.0003413298026258
0.9914957895916234
0.0
1.548338470156467
0.9516636749223011
0.8550616380070004
1.003092844756526
0.9886559691181254
0.9797013321967364
1.0003413298026258
1.0003413298026258
16.428350019189775
0.9875330457365186
1.0003413298026258
1.0003413298026258
0.9791552915480813
100.15057078559983
1.0499045132124647
1.424758616158075
1.0003413298026258
0.9920808631807246
85287.00613802353
1.0003413298026258
0.0
0.24007810403412735
9.371816917127337
0.9655894352285038
17.27268579588913
0.9951957624060539
0.9998491261161303
0.9973181386658235
4.357144760360252
0.9894484600360348
1.0558635054195786
1.0003482385115114
222.29253138209216
1919.330569693563
36828.125117111376
7428.495168595749
6.370364758281755
33259.83028897652
968.4553849661647
0.978226416121422
0.9958617333093478
0.0
3.9838947853586633
1.0003413298026258
1.0050089613922726
14.213865226007593
1.0451586193490527
118.60674868554031
1.0003413298026258
51.03994127172386
359.9738730225798
0.9833383510930942
1.0003413298026258
1.016323402182643
1.0162959984592386
0.9773904111196879
29609.5704764341
0.982810774489476
1.074352407249716
1.1046502652206338
1.0003413298026258
0.9739948162404364
0.0
0.9287102765153579
1.5410525314630585
0.9782038885732727
1.0003413298026258
1.0003413298026258
1.2465448044642846
26.946595710211152
1646.3174109410957
19.729790757771983
1.0003413298026258
1.0047250035138915
0.9887258948391264
1.4700069691503894
2385.9611136465624
1.111824446407607
1.0003413298026258
4.44895559478227
11221.660276130608
1992.8078471764895
1.0003413298026258
0.0
0.6719752360645337
52.137168646979916
49.39566071378129
63.04261924900895
1.2798792967647783
0.9944076604585073
0.9966972847275346
0.9982070405582201
1.0680845761303395
1904.3503352187752
919.4949446038004
1.0494769176991046
0.9770221187716092
1.4782292664481729
1.1071624707146543
238.23188526918042
0.967427115701567
1.0003413298026258
1.1226536079985856
0.8483684270179944
0.0
2.3248610431866314
0.9545339387295944
1.0178147990995519
60.116689823090695
0.9931020192740099
496.1132642925304
1.0003413298026258
1.0003413298026258
1.0398015756593724
1.0368757885596231
1.0104406563854333
769.9360989447446
0.9794643263223175
1.0003413298026258
1.0003413298026258
1.0003413298026258
27198.229302837775
29772.61654775714
1420.910805300367
451.6779908365581
0.0
3.1166680305184995
23.956695485420976
73.46018867507668
0.9845359746808582
95.2876935741642
115.6155635148527
3.4410290762439595
1079.5348706983275
45.98891084505496
219.81017003131095
1.0131433963170329
0.975361562142521
1.0576054010464124
1.0381023607570241
1.0134835403821636
29514.535924460764
79.0884639818196
1.0047287028862164
4666.493664545318
1.0220469965875918
0.0
8.594565251011506
17.252710725575078
0.7960891728278068
0.9916878636094337
0.996367153759205
665.7815644561714
1.0710883970360796
44.28288545644275
1.0345863964955517
2.0144814972629748
0.9855303635514024
1.0003413298026258
2472.723364088912
0.9937181988516496
26502.396089910177
1.1375798657901814
1.0003413298026258
3683.8435030684736
1220.3094659342235
10880.959008093501
0.0
1.1321163719328415
1.1985515568896714
1.8678684867252224
0.996898089955784
996.8820450598956
0.9253842259768482
1.0168741040264118
4171.2229550151915
0.9924652768482466
1.0003413298026258
1.0019319922604208
872.905359751155
1.0003413298026258
1.0256879730763067
0.9701557548256823
1.0003413298026258
1.0791908450355168
221.69614012515837
1243.7897133462343
14372.533988331228
0.0
1.7186532089238342
9.753391416407343
1.0143575366216873
1.020337190824086
1.0003413298026258
0.9987935082497162
1.0003413298026258
0.9923118577425087
1.0003413298026258
9062.738148862556
1.0003413298026258
11837.334809610222
143.97201010969493
0.9845976210675967
21040.09690842356
9741.527107594704
1.0595626784075194
1.0878345434206873
1.0630671864602061
24239.122312801275
0.0
1.3267294190949626
1.1384350662203504
118.76375562202396
180.44388388461738
1.0003413298026258
104.58036283493036
1.0081185422896786
1.0641507541786799
0.9804454979304215
12676.420612579115
1918.0417536651544
0.9679545082868178
1.0003413298026258
1.0061337021436416
29291.13512632578
973.1867738786547
1.0035301999547719
0.9965875289129401
69043.1750549426
1.0031718475521154
0.0
0.963602308055411
1.387447725984775
13.09863302059979
8.804150244906463
797.1300883361014
131.47649585251193
1.0304400771499505
0.99946997737495
4647.86963151435
0.995169224831297
21.465595781799017
1.0085738146367602
1.0003413298026258
773.7689793098874
205.46746535195226
1.0003413298026258
0.9673617157402538
1.1703423769985644
53114.10654286794
1.0003413298026258
0.0
0.9619745297093669
0.989842384185547
166.61256084516882
13.764846679307606
1.0026128801951275
0.9817467532621773
9105.81529214448
1113.801963861952
50.13391768832234
35.57194668131804
9.061804912291743
1.1067658189936362
0.9934176802397654
1.0003404022470856
3380.538295757216
12104.030358904758
1.0003413298026258
1.0003413298026258
80.49974481474915
839.3361642187814
0.0
0.7206240326083075
15.772986385201634
0.955702859726581
3.2339587581884586
1.546374251137007
324.4849142074935
1.0003413298026258
16.4408457999822
1.0103335371559004
1.0003413298026258
1.0137045499427013
459.676557184917
1884.3210253043414
227.28861573018122
1.0677251034610076
0.9787316932160296
4.354343060047332
1.0193258000894208
149313.0335786205
1.089366964190282
0.0
1.073780692645045
2.4556011629776404
0.9758513939167068
0.8898121395874388
44.083600088182465
0.9208730623948616
0.9929279267140421
1392.5958015996512
5564.547231321808
2.7855464080427694
9.97638572669099
1.0003413298026258
3.8138751683368777
0.969451429284733
1.0003413298026258
4691.174209323443
2597.717683662541
1.0003413298026258
1.0003413298026258
9334.879485214682
0.0
0.8779034948996152
0.635519297337613
0.9772199564707515
0.9964865897320757
1.0228762163227427
1.0003413298026258
163.98640427301788
0.9795523226886025
1.0035885757472007
0.973923419804885
1.0144648091258603
3014.9137003140963
1.0003413298026258
1.0003413298026258
0.9714843625957618
1.0003413298026258
1.0003413298026258
1.0003413298026258
18400.594053728884
6186.858660227686
0.0
8.197017973105286
1.0002854207255756
467.13938595598376
1.1362051149365098
12.26625540827583
1.0001855180107218
1.026031454618659
0.9717158808639297
0.9811887813983211
0.9703564704002423
1.0003413298026258
8.333089858191919
1.0003413298026258
1.0275185964558502
7017.244914081013
1.0003413298026258
0.9748576909357668
1.0096716938393413
1.0003413298026258
29240.44989387637
0.0
4.823006836446472
0.9986859734214426
1.7908606067519244
0.9893158370351559
1.0003413298026258
131.4459132269974
1.0003413298026258
1.002372519069137
1095.6793508659732
1.0860347416043337
1.870441723077323
1.0571190476583447
26745.988420944162
1.0003413298026258
116.88540647298592
0.9947669552463079
2003.4458501363415
2325.996637088789
0.9880853630276034
0.9756077239642027
0.0
0.7808411308326921
0.8898669473156442
22.703452092817304
13.560133675348954
1.0003412893677874
334.75938607170673
1.0130119222045466
1.0392636359594039
1.0792439693800422
3497.2813698262757
0.9803898031232979
156.2137593697214
386.40511414101996
1.008350988876617
1.0003413298026258
12.881716839055423
1.0003413298026258
1.0351297595712565
32759.368044361814
32040.47365412307
0.0
0.44330309541943747
0.9933509301820896
0.9996617851134856
0.9488086209530273
0.9258496572265473
1.0003413298026258
1.0436667941085243
0.998766603178782
1.0103060127100048
1.0003413298026258
1.0003413298026258
0.9957370210506654
0.9858872745395867
2032.290984503708
0.983848961139
1.0003413298026258
25145.66689126174
0.9752078531585576
72008.81866344454
894.3477354512619
0.0
1.006359263318807
24.909093401780208
1.0171952226698895
139.76172944846817
1.0139293293925726
1.0003413298026258
1.0016117625673038
0.9979967567167418
1.0046919162163779
1.0003413298026258
1.0003413298026258
2645.1093195912536
1.0020282074464741
231.27539232024944
0.9762906600447958
0.9709537964933184
1.0003413298026258
3278.7345776218103
36.25454656819725
0.9941495498580983
0.0
0.9890208066141413
0.990024244450378
1.5439681586577467
33.831497781845364
172.0398409857178
1.0601411618577656
288.66888801534543
0.9922407334664239
0.9779834577437796
1.0250067296462284
1.0306916918681617
1.0057934403969644
1.0003413298026258
1.0395170682050294
19975.31289653887
0.9770524949897812
1.001263993303042
1.0003413298026258
1.0509652114469696
0.9772340351777172
0.0
0.8417709576374526
20.82739075232785
0.9381073579623062
0.7576593754440063
0.9975190542689731
0.9878068336818654
997.6871906490777
0.9905611813050337
1.0631136935722179
5.948215367702559
1.0662777457582342
0.9929150930666404
1.0030098850028166
1.0003413298026258
0.9943323475211214
1.0003413298026258
0.97174951769408
0.9908129688470475
1.1282488549655374
1.124409736811188
0.0
8.55625641322675
0.9956918269977265
4.782739037606273
364.7355334255967
0.9982692365392561
1.0097696907595912
0.9929138714398867
1.0371496361393424
0.9957917819254783
125.96578743800077
0.9686096854148729
5482.366023604228
1.037758656396911
1.0003413298026258
4594.408772149018
1.0003413298026258
0.992089197049254
0.9930225955228147
0.9671360667647777
0.9728227309528025
0.0
4.026384011304332
0.9941336194610809
59.64695411990925
9.581324392936448
192.1020328403219
440.65063228789325
1.7067398266558946
508.9206548863063
1.0254177885962807
0.9711551257663973
1.0003413298026258
1.0003413298026258
7.662843503118758
155.81813036339864
1.0003413298026258
1.0003413298026258
18522.316352058388
68030.9350067372
1.0013640107747501
50760.31536515627
0.0
10.10741566941891
39.24745677408137
0.9992993390357827
1.010732190086649
4.224384881422905
140.13850428801825
137.3488241510818
1.0003413298026258
1.0003413298026258
234.69974694524083
1.0388982731348728
8151.50545821021
0.9830253170255313
3765.9378979775393
10.778974250935962
1.0300914444113403
1.0003413298026258
9928.346660287263
84317.89572856485
1.0268100971065612
0.0
1.290967499543874
7.3651481334402185
2.4559905209761705
267.9912936505293
1.0003413298026258
709.4611315319675
1.01052695605801
0.9983181967293636
1.0144984799559147
0.9843034558703432
1.0383227215117032
0.990127867438703
23.66782890166888
0.9871327820176438
0.9896622846186851
0.9839380128019055
3052.040532476307
0.9852909518185875
2991.558622639749
1.02861661881304
