0.895
0.6957
0.3971
0.1032
0.1033
0.1787
0.0958
0.1033
0.1032
0.1637
0.1032
0.2548
0.1318
0.101
0.1032
0.0958
0.101
0.101
0.1032
0.1135
0.1032
0.895
0.7706
0.1396
0.2112
0.1791
0.101
0.0958
0.175
0.1032
0.1032
0.0957
0.0958
0.1138
0.0958
0.1028
0.0958
0.0958
0.0958
0.099
0.0958
0.0958
0.895
0.7433
0.2107
0.5815
0.2005
0.1126
0.1099
0.2505
0.0958
0.1032
0.0958
0.1149
0.1474
0.0958
0.1064
0.1009
0.1912
0.1032
0.101
0.101
0.1028
0.895
0.735
0.8529
0.2013
0.1909
0.0941
0.1032
0.1032
0.0958
0.1032
0.25
0.0958
0.0958
0.101
0.1028
0.0958
0.1032
0.1028
0.1032
0.1032
0.1009
0.895
0.4669
0.8426
0.1995
0.5169
0.1033
0.1032
0.0958
0.155
0.0958
0.1401
0.0958
0.1287
0.1032
0.0958
0.1032
0.144
0.0958
0.1032
0.1032
0.1028
0.895
0.4212
0.1814
0.0958
0.1587
0.0958
0.0958
0.0906
0.1032
0.1032
0.1029
0.1032
0.1653
0.1032
0.1017
0.101
0.1028
0.0958
0.0958
0.1059
0.101
0.895
0.705
0.6585
0.1033
0.1222
0.1116
0.3397
0.0958
0.1032
0.0958
0.2242
0.0958
0.1032
0.1188
0.5895
0.1028
0.1028
0.101
0.1032
0.0958
0.1028
0.895
0.5885
0.7861
0.2884
0.1131
0.3196
0.1028
0.101
0.0958
0.1032
0.0958
0.1032
0.1032
0.0958
0.1032
0.0958
0.101
0.1028
0.0958
0.1028
0.0958
0.895
0.7862
0.1546
0.5083
0.1038
0.1033
0.1091
0.1746
0.1871
0.1032
0.0958
0.0958
0.0958
0.0558
0.1032
0.1028
0.097
0.1028
0.101
0.1032
0.1032
0.895
0.3047
0.786
0.3009
0.43
0.0958
0.1032
0.1032
0.0958
0.1734
0.0958
0.0958
0.0958
0.1032
0.0948
0.109
0.0958
0.1032
0.1594
0.1032
0.0958
0.895
0.8334
0.8884
0.1337
0.1816
0.1029
0.1041
0.1076
0.0958
0.1032
0.0958
0.1032
0.101
0.1032
0.1264
0.0958
0.1032
0.1028
0.1032
0.1032
0.1032
0.895
0.8802
0.1233
0.2153
0.1172
0.0958
0.216
0.0958
0.1032
0.1032
0.1028
0.0958
0.1633
0.1032
0.1032
0.0958
0.0958
0.1032
0.0958
0.1032
0.1022
0.895
0.2966
0.2331
0.2531
0.1983
0.6868
0.0958
0.0958
0.3607
0.0958
0.101
0.1032
0.1032
0.0958
0.1028
0.1028
0.1032
0.1028
0.1032
0.0958
0.1032
0.895
0.6104
0.2578
0.7468
0.1073
0.1032
0.0959
0.0958
0.0958
0.1054
0.1032
0.0958
0.0958
0.101
0.0958
0.1032
0.1619
0.0958
0.1032
0.0958
0.0958
0.895
0.8621
0.5009
0.2209
0.4516
0.1032
0.1107
0.1069
0.6604
0.1032
0.1032
0.0952
0.0973
0.1028
0.1028
0.0958
0.1363
0.1028
0.0901
0.101
0.1032
0.895
0.418
0.0958
0.1056
0.4695
0.1348
0.1029
0.0958
0.268
0.1028
0.1606
0.0958
0.1032
0.1032
0.101
0.1028
0.0958
0.1032
0.1032
0.0958
0.101
0.895
0.302
0.6221
0.1692
0.0958
0.0958
0.1258
0.0892
0.1028
0.2785
0.0958
0.1032
0.1329
0.0794
0.1028
0.1032
0.0958
0.2108
0.1028
0.0958
0.0958
0.895
0.6966
0.3022
0.2895
0.1957
0.1043
0.1032
0.1109
0.1353
0.1032
0.1028
0.0958
0.1032
0.101
0.1269
0.1032
0.1384
0.101
0.0958
0.1032
0.5424
0.895
0.6189
0.2559
0.1056
0.1879
0.1032
0.1028
0.0958
0.0958
0.1169
0.1032
0.1032
0.1028
0.0958
0.0958
0.0958
0.0958
0.1028
0.1009
0.1706
0.1149
0.895
0.8156
0.2897
0.2295
0.2063
0.2285
0.1748
0.6789
0.0958
0.1006
0.1293
0.1032
0.101
0.1032
0.1032
0.1032
0.0958
0.0927
0.1032
0.0958
0.1032
0.895
0.5675
0.1307
0.4958
0.1035
0.1225
0.1028
0.1432
0.2606
0.1032
0.1039
0.1032
0.0958
0.0958
0.1053
0.0958
0.1032
0.0958
0.0958
0.0958
0.1009
0.895
0.4313
0.193
0.2837
0.1076
0.0958
0.3999
0.1032
0.1028
0.1032
0.0958
0.1542
0.0958
0.0958
0.1032
0.101
0.0958
0.1032
0.098
0.1028
0.0958
0.895
0.8318
0.3582
0.1175
0.1901
0.0958
0.1045
0.0958
0.1032
0.0958
0.1028
0.0958
0.1028
0.1028
0.1032
0.1028
0.1028
0.1032
0.1032
0.1032
0.1028
0.895
0.7349
0.1063
0.1273
0.1589
0.0958
0.2038
0.1032
0.1048
0.0958
0.1028
0.0958
0.101
0.0958
0.1032
0.0958
0.1028
0.1109
0.1032
0.1009
0.1032
0.895
0.2262
0.1149
0.5912
0.4537
0.1028
0.1638
0.1115
0.1178
0.1028
0.1064
0.1682
0.1032
0.0958
0.1028
0.1258
0.0958
0.101
0.1071
0.0958
0.0958
0.895
0.5161
0.175
0.1617
0.572
0.1039
0.0958
0.0958
0.1028
0.1155
0.2222
0.2554
0.1383
0.1032
0.0959
0.0958
0.1028
0.0958
0.0958
0.1613
0.1028
0.895
0.7663
0.3141
0.2444
0.1279
0.1712
0.1077
0.0958
0.5437
0.1032
0.0958
0.1032
0.1105
0.1028
0.0958
0.1032
0.101
0.1009
0.1032
0.1009
0.1032
0.895
0.7875
0.756
0.1894
0.3285
0.1706
0.3799
0.1032
0.1028
0.0958
0.1043
0.4642
0.0958
0.714
0.101
0.0958
0.0958
0.1028
0.0958
0.0958
0.0958
0.895
0.4689
0.704
0.2512
0.1032
0.1032
0.0958
0.0892
0.0959
0.1032
0.101
0.1249
0.1028
0.0958
0.0958
0.1012
0.0958
0.0958
0.0958
0.1028
0.1028
0.895
0.3427
0.1856
0.1029
0.0882
0.2586
0.1021
0.1045
0.101
0.1095
0.101
0.0958
0.1689
0.0958
0.1032
0.1028
0.0958
0.101
0.1032
0.0958
0.1028
0.895
0.7146
0.1239
0.1179
0.1032
0.0958
0.1006
0.0958
0.1184
0.1028
0.1032
0.1915
0.34
0.1028
0.0958
0.1242
0.1032
0.0958
0.0958
0.1032
0.101
0.895
0.8721
0.4222
0.243
0.205
0.0959
0.1033
0.1032
0.1032
0.1032
0.0958
0.0958
0.1394
0.1028
0.1032
0.0958
0.1533
0.0958
0.1032
0.1028
0.0958
0.895
0.8949
0.1801
0.1095
0.2818
0.4826
0.0958
0.1032
0.1032
0.1032
0.0958
0.0958
0.1032
0.1032
0.0958
0.1118
0.0958
0.1009
0.101
0.1028
0.0958
0.895
0.3539
0.2074
0.1032
0.1049
0.1042
0.0958
0.1042
0.1793
0.1032
0.0958
0.0958
0.1153
0.1032
0.0958
0.101
0.101
0.0958
0.0958
0.2509
0.1032
0.895
0.8818
0.2855
0.3097
0.131
0.0892
0.1067
0.1045
0.1032
0.101
0.1036
0.1039
0.1032
0.0958
0.1032
0.0958
0.1009
0.1032
0.0958
0.1032
0.101
0.895
0.4839
0.1571
0.3749
0.6149
0.1809
0.1181
0.0958
0.1392
0.3398
0.1009
0.1032
0.1032
0.1032
0.0958
0.1032
0.0958
0.101
0.1049
0.1032
0.1032
0.895
0.4926
0.1358
0.6711
0.1031
0.1325
0.1082
0.1032
0.1032
0.1032
0.2418
0.101
0.1028
0.1046
0.0958
0.0958
0.0958
0.1032
0.1032
0.101
0.101
0.895
0.3786
0.106
0.1904
0.3195
0.0969
0.1028
0.171
0.1028
0.1032
0.101
0.0958
0.0958
0.5521
0.1963
0.0958
0.0958
0.0958
0.1028
0.1032
0.1009
0.895
0.3534
0.2406
0.1137
0.0853
0.1012
0.1645
0.1138
0.0958
0.0958
0.1036
0.1065
0.1028
0.1032
0.1028
0.214
0.1032
0.0958
0.1028
0.0958
0.1032
0.895
0.4532
0.493
0.5535
0.1068
0.0958
0.0958
0.1032
0.1703
0.1032
0.1032
0.1041
0.1032
0.1599
0.1032
0.1032
0.1032
0.1028
0.1032
0.0958
0.1034
