0.0
0.36582688461691093
0.6545034046471463
0.8198957276023785
0.9085724761499729
3.9884737172865257
0.9301386007092624
1.1983821468688016
36.63248313973887
1.002096093550267
15.936429939994955
0.0
0.3533449817128211
2.764953347696565
0.7935496681514007
2.9169844642616414
2.378879627395552
0.9570969287973203
1.001800003701141
1.5036100418419287
1.003182552589776
5.680046083434568
0.0
0.24449639069988707
0.8457913515099903
0.8436059049534299
3.269122767261122
0.9190442194191847
3.163127177515738
7.58564034418298
0.9975463381644863
1.0010116851372282
0.9252304036811159
0.0
0.3946237728150728
2.9997129401138656
0.5484582037948387
3.3034600193238206
3.044830087709838
2.543115287164621
0.9997735426376538
0.9422148899875659
0.9991113936802506
165.81562968470217
0.0
0.5771732514675706
0.47626858562008384
1.151675352274371
0.9386874242581276
0.9944896853943966
2.3585504307491556
1.128483058488129
1.0044426135166822
0.791871525554525
0.7663398968248939
0.0
0.4248613909341962
0.3855307496726687
0.7443770552006892
2.125676566664124
1.000906420746057
1.0383504445436027
0.9546467701258002
0.9340371019455521
155.20574206629774
1.000549348601275
0.0
0.1260562260091603
1.0169197186264765
1.0016408582825027
2.8067690871160873
2.3268556779220884
2.3982481628537817
1.201666871127169
0.617013216165057
12.742982229687305
1.0004612841510205
0.0
0.20988736313450673
0.8122856904537428
0.4326231479520616
1.030001476950712
0.8230821947383279
0.9969903836210203
0.9830180873089251
1.0008825405285275
10.584718325824678
0.9549781544717267
0.0
0.3166602586019751
0.7484834804791582
0.6453315277776823
0.9903269188435617
3.47716998859178
28.937415895788224
0.7613142134092797
0.9997958871621156
38.809487456851194
1.5206648681594657
0.0
0.21201480497700576
0.9158588212836888
0.816388046314577
1.570444073409434
13.26281859943887
0.9571782691320629
1.0550210328552598
0.9997958871621156
1.0002695027223067
53.277801898077456
0.0
0.42747524056889064
0.08682455497463064
0.9318872597063693
0.43622048688930637
0.593938387583233
5.565397185439411
0.9614374591003092
0.9445618932163988
1.0032497406175358
1.0294465820811074
0.0
0.36297478332570043
0.34043515425041043
1.365534910304831
1.0283459094490115
0.9443168031372323
0.8624905510539678
5.814894632553884
0.999783512945508
0.7818649241099781
2.4880072901767383
0.0
0.3619756295380421
0.7263078653780629
0.5828404560544141
0.9696453363000166
0.8807158470838014
0.8621839713792863
1.0035326324831453
1.267729673719474
13.67306448688268
4.266415721890366
0.0
0.3947285183024245
0.5254201276429507
0.8106920565149845
1.2768450760218975
0.8616833066928188
0.8403544613339256
1.0033462422157442
0.9725293066211949
0.9964807155315542
0.999828266952864
0.0
0.44639511168092233
0.38258689327609213
2.563358421285591
0.7445172991427181
4.8777889827262095
33.2902245640176
2.2617278708178503
1.2140492481548255
1.0024852006534528
38.81412528053911
0.0
0.1913416174192537
0.721316809778604
1.6935653827023018
1.0861844933761067
0.9954782494498364
15.025209493891783
0.9792131437257349
0.9085954598025933
26.31324986261234
0.9995468905600973
0.0
0.21056045720384356
0.774266766783376
0.7858814638918873
1.691479706152953
3.5431768140821474
6.009076856178407
2.2725806971068376
6.375560487158728
21.320546061689324
1.4220653754888715
0.0
0.4319283811844097
0.6477129639386661
2.5655566511283903
2.820712182928147
0.8011866152746822
0.9008682589888046
0.8684303374888869
1.666555926172425
101.85495367990251
1.0005355063722337
0.0
0.48049272205368426
1.3736930721097504
0.864853987021932
0.4796392310534195
1.2173623241472307
1.0031207541740104
0.7576314507279894
0.9964928526610184
9.434765513523352
5.3729442229241995
0.0
0.10062859397784371
0.6658766197860295
0.6354733818202907
2.2318875392344513
7.130741687007
0.9955902604155623
1.1955080534482831
0.9928566928875097
43.46115641606752
0.981137677966071
0.0
0.166754014963506
0.38799401248428367
1.8891270902249422
0.9351463075757847
1.8028247687088819
2.8324328170400865
1.047668691617852
1.6596336153972626
2.157579186422883
4.192276645431129
0.0
0.22949996105642298
0.5858876158616642
0.9282438988493178
1.6856162933740204
1.117081453429933
1.351537543077985
0.9780154992529173
73.80652053712994
2.938751399966982
2.5027747049381084
0.0
0.46172990706635425
0.9470258089184425
0.688288598886971
1.0898598311195207
0.960891618611754
0.9069768014043572
1.0887881021231058
1.4904494378977156
10.406092576590325
1.277711777917907
0.0
0.7887803481938865
0.8935759653434109
0.749666731472847
0.8823568696778992
0.9711433957892244
66.57632357082828
12.123248744108013
9.899971003544168
0.9997958871621156
1.0182227225535174
0.0
0.6125579873311104
4.3086323429301805
0.7951674640267578
0.7549194386096263
13.403105055374034
5.94308674001412
5.076816764182263
1.0022424443057398
0.9986288751367894
1.278977412119734
0.0
0.29073101052586015
0.4905727763288167
0.6748349500716951
2.5106010317761234
0.9800334344942159
1.036885022011169
2.115217177334685
3.237238651271595
4.567288883199146
1.0002734169864886
0.0
0.16029376495504352
0.651905017909606
1.1641029441136785
0.9900411929313757
0.9934405424746592
1.5597999108073195
0.7880760439610599
1.1066825285904847
29.437612574964696
17.109655358713894
0.0
0.3588464576380838
0.42907637826379263
0.9573619099183664
0.7849001587172327
1.4976111483478287
1.0056317758081508
1.0012813744633524
10.424555060266941
1.1368442816302589
0.9996082177800656
0.0
0.503202779317872
0.8632816985574845
1.761633292853548
3.350782875328347
0.9796627691896661
0.9886353258628489
1.0006165760509076
13.685493331135898
1.223865407531572
0.9970290207338242
0.0
0.5117273820521544
0.8101473738105214
0.3214630051011377
0.9753391874757564
2.1158129769593526
2.0039981037516976
20.211627572258145
53.977529225237056
0.9634681521806617
8.761960638889954
0.0
0.21438337089275883
1.0031055774271738
0.6441366636938459
1.7336128957756551
0.9720452318992808
55.57001143168709
0.9935398238103803
1.0017393539317658
1.059758849894013
24.61295212266209
0.0
0.2762389419892036
0.4062046081974018
0.8834321894350363
0.9332231092813545
0.8979668550159189
25.526525710888535
0.7650014527906102
0.9831483439171684
1.0324092116744557
1.0058352552739886
0.0
0.46677145003706894
0.7703121875721838
1.1354959961918147
1.0606910691098381
0.765271858141845
1.9237059675408281
0.9015662812213727
0.795048048391589
1.5162918334363822
1.000307795113404
0.0
0.4778283244161198
1.1973360307284497
5.733399729156165
3.7057465474049787
2.82995048068626
0.9295517706629471
0.9339279710152146
1.0022754106805278
3.6031351712616178
82.99836747102091
0.0
0.6429941022532231
0.9251503615166279
1.2465945584923062
1.3169911797481164
0.8234295831858751
1.4005024730915512
3.391429566111628
69.80809746382135
1.0753487066473364
0.9989279237182452
0.0
0.2853863378715045
0.5775247298902362
0.34784385329239437
0.8390909219755751
0.8390554957917704
1.2602579147950026
0.9062152308761996
1.0008437258504217
3.2342353566455078
0.9156606497956484
0.0
0.9792985164567498
2.4559475977148137
1.6466342560069154
0.7379590988068411
2.586323396227049
1.008811457265983
1.0004133840951097
34.46017479167285
10.77622699970214
0.9976438444918929
0.0
0.4090311000281326
0.8521874613708987
3.039675391853983
3.5665692426796376
0.9563971670324563
0.983503940304225
0.5785036392148242
0.9917162235560403
13.239285668907337
1.2191055218966753
0.0
0.49559942861215683
0.9508604537319184
1.1442258975155488
0.9544584879978565
7.1489181036596
1.9055319158167785
0.973975798440359
0.9876614779254199
1.000543002510758
1.0326387531823347
0.0
0.3763854836066051
0.39840929788898843
0.7233247575423808
0.6071105951233476
1.484423779368412
0.8639711655880465
6.4627486506867795
1.4167332738617364
0.9956146293727522
0.9850505790793772
