0.0
0.023630841227955397
0.008653642183236533
0.14795027287032708
0.07762862521314623
0.06381319106431252
0.046659664337930146
0.06511741051742852
0.25897840698397884
0.13501224521980956
0.3701357982558248
0.1666490090873855
0.5069293870827093
0.350274256869458
0.2684768488952227
1.383732976677742
0.7725398277179771
0.4917200918886175
0.8769992380700004
0.9535664558556619
0.8562211992950077
0.0
0.06135633428672598
0.03301459387506108
0.01686160155431699
0.14537330294361542
0.04074706943678958
0.09379272165087028
0.2453687643322943
0.5954641258920532
0.0635254102665577
0.2918944644873594
0.5022141386537929
0.19982505062429062
0.27141716182241754
0.19725231594434123
1.5414913030437236
0.7147344044780959
0.8444014306728967
3.088672309966408
0.09002273758242255
0.418768552525563
0.0
0.01087819248783213
0.06132308604042676
0.13803794347212694
0.3574664123676013
0.22373267414080664
0.30512466348367734
0.42574903590841195
0.18769944349186327
0.08257317459570286
1.4112273860032072
0.4881017350079871
0.9001063753953936
0.18390441845200967
0.5308547174978429
2.3488513092654166
0.6280802943923841
0.791016964383216
2.8579334491758766
0.3893717936378999
1.0280126785635004
0.0
0.052917905504153324
0.09928479765260928
0.08706187319194675
0.18724890548998793
0.6746804220568811
0.40497052731933203
0.056870881183818556
0.01689918352025626
0.42390686680439454
0.18193989815160863
0.27974384404288793
0.4744736840451448
0.8151236387848863
0.6973287103656769
0.940878979933164
0.6053537651416332
0.09797984650925874
0.5153046894599809
0.8088976274011581
0.7141557639177217
0.0
0.0693299617599092
0.06620296471976636
0.04839846151470967
0.2298320874125862
0.4901193879252777
0.05134030887386732
0.2740465513361609
0.4800837374124107
0.9423658098340608
0.20327755900622652
0.486624050012457
0.11463946303854955
0.8145947606553703
0.03517107264173444
1.069073561910596
1.0653275826963267
0.8201924939049088
0.13168109999117344
0.5093372939453011
0.9843419892716903
0.0
0.10296956415350965
0.03503087960703233
0.07707232655124636
0.00955196264946904
0.08750421483896241
0.09471990677851919
0.3736874489031528
0.7367997040001656
0.288556649722735
0.41728296475121485
0.14493345986886763
0.13945938577458136
1.155256510363747
0.2509879309623401
0.4146911012078321
0.9161053691384952
0.9394503720129594
0.6588318228032116
1.1900284614905112
0.7642265512197565
0.0
0.022626852348647197
0.07754065000263496
0.08837051440505397
0.23054540778094387
0.13611181123532978
0.9019203857994373
0.3592288568189989
0.7735725774266796
0.5363315831783529
0.3132027140663627
0.5192485792194871
0.36483472633001096
0.5364507763822632
0.7977194245489282
0.8313972170425246
1.273463528546444
0.29963295850514066
1.3263206593907486
0.20125408599057135
0.9816794547545958
0.0
0.1011892402312182
0.12387715422215792
0.018031748452529722
0.22002633991365916
0.1957106719311948
0.03132182003490233
1.1759630673254595
0.0818759062693493
0.3291663946271871
0.6996487765445263
0.36436946556204386
0.08809727370099536
0.9909703219794751
0.7904049934996206
0.46006962354908876
3.314598665806477
0.6276039658801194
0.9153437563928286
0.28601358894688683
0.9413075499648893
0.0
0.008912389146399361
0.01295828006773237
0.17702831101954142
0.07092529740507988
0.0311558046795472
0.5072073910690109
0.44820357406761474
0.9186778952208494
1.458177712705849
0.5170182183947201
0.02639527175794728
0.4931170398453689
1.063446687260684
0.24547465632846255
0.6433906271943859
0.7985615302335768
0.4106382820787685
0.9535803655854663
0.10528491289615588
1.0259300159128268
0.0
0.0004165981916092294
0.02743124549075146
0.0931486171519675
0.2139460045193632
0.4108319079410707
0.3807743483451871
0.37173152542367255
0.23513529878487718
0.6611362177542814
0.2638677497612141
0.5198625563613393
0.2866441854890742
0.30562050051654116
0.13040163120427903
0.20545413627497344
0.7987618482920779
0.8261602284055537
0.2232773224239271
1.108906892372267
1.1249171560057432
