0.8919
0.8919
0.8917
0.8915
0.8919
0.8915
0.8904
0.8895
0.8921
0.8915
0.8916
0.8848
0.8911
0.892
0.8777
0.8919
0.885
0.8916
0.8908
0.8904
0.8894
0.8919
0.8917
0.8912
0.8907
0.8919
0.892
0.8915
0.8911
0.8923
0.889
0.8875
0.8817
0.8913
0.8828
0.8897
0.8826
0.8908
0.8899
0.8904
0.8886
0.891
0.8919
0.8916
0.8921
0.8916
0.8923
0.8917
0.891
0.8923
0.8912
0.8919
0.8907
0.8876
0.8844
0.887
0.8907
0.8906
0.89
0.8913
0.8917
0.8906
0.7756
0.8919
0.8916
0.8912
0.8915
0.8916
0.8915
0.8914
0.8915
0.8911
0.8911
0.8912
0.8901
0.8905
0.8919
0.8861
0.8898
0.8906
0.8919
0.8897
0.891
0.8887
0.8919
0.8919
0.8918
0.891
0.8913
0.8914
0.892
0.8896
0.891
0.8905
0.8923
0.8919
0.8903
0.8917
0.8903
0.8895
0.8777
0.8384
0.8897
0.8905
0.8851
0.8919
0.8918
0.8919
0.8919
0.8917
0.8916
0.8906
0.892
0.8902
0.8914
0.8903
0.8918
0.8914
0.8914
0.8786
0.8918
0.8897
0.8903
0.8912
0.8879
0.8685
0.8919
0.8919
0.892
0.8918
0.8913
0.8917
0.8913
0.891
0.8908
0.8876
0.8913
0.892
0.8902
0.8879
0.8909
0.89
0.8889
0.8875
0.8906
0.8888
0.8901
0.8919
0.8916
0.8922
0.8905
0.8916
0.891
0.8917
0.891
0.8915
0.887
0.8924
0.8905
0.8913
0.8827
0.892
0.8923
0.8813
0.8914
0.8611
0.8859
0.8896
0.8919
0.892
0.8916
0.8918
0.8912
0.8912
0.8912
0.8904
0.8913
0.8923
0.8917
0.8878
0.8848
0.8895
0.8906
0.8895
0.8678
0.8913
0.8903
0.8918
0.889
0.8919
0.8914
0.8914
0.8923
0.8914
0.8917
0.8908
0.8913
0.8894
0.8913
0.8892
0.8891
0.8902
0.8897
0.8901
0.8913
0.8899
0.8894
0.8871
0.8896
0.8897
