0.0
0.012474235940383134
0.14624509846757616
0.06731079772453527
0.17620381231281632
0.03494951417851037
0.03915914432366997
0.30505061414161616
0.9905344788890235
0.7676382478681719
0.18402559775175922
0.43599690410387276
0.05884396988457518
0.12031382903677301
0.4762470837760806
0.14605010322431952
0.05634609079085031
0.5273605203069756
0.29198366400581066
0.39255024549761164
0.9559876859763501
0.0
0.04400853960953543
0.06805379876092829
0.31831152339213653
0.47746032270529604
0.18533866649869757
0.09413529445830542
0.3353195998716391
0.35927398306260283
1.3385158688816476
0.7464747199211528
0.19546173032095018
0.8815158907935078
1.6311178083832512
0.043819616476892156
0.6924336696874817
0.9357203310070454
0.6019453481087199
1.3468747598964026
0.29318676480518485
0.4277360594377258
0.0
0.011273719776848238
0.03106136713110263
0.07952912925211755
0.3594201895772592
0.07157317221682453
0.37325626855281513
0.12148584120940098
0.5128642333176746
0.17769542231511762
0.6196461648647126
0.7503627204340687
0.42682852636200214
0.19353000285976493
0.3623008327725376
2.718606868283587
2.5586663320362923
0.27648715730132134
0.5140437506678256
4.295709414882423
0.10561447149348394
0.0
0.03056950742510486
0.044530306959314245
0.24986674751391005
0.3497164716576507
0.49868172692141904
0.15468487466891245
0.3512176165330999
0.41667477507517214
0.3857453325925261
0.41655185788401156
0.6364384058334447
0.5815674786135815
1.0523155444835348
0.5101413978094478
0.8636891849317366
1.2979191263633096
0.5316617683767377
0.12594785993370722
0.7026220395245215
0.7639654392814579
0.0
0.09011802808826512
0.07819235906943024
0.1349717753600657
0.28890534400386997
0.2260884117800977
0.16813761205449373
0.6337591897734114
0.11896550965069624
0.026146210399480556
0.6105857489339721
0.6032293877432409
0.08010193839898821
0.5191152202006585
0.05325530572196693
0.41369436182923436
0.813674513490529
0.9513341697225923
2.663589345918574
0.8421724173012949
0.8653206415404171
0.0
0.0018768831203574265
0.09278722747867407
0.1514876333848806
0.16453152867724485
0.06167330254054451
0.269228409888
0.42878502374098204
0.3721815724079245
0.4572533254197113
0.4575597860964557
0.07176580482945925
0.5208094185222307
0.7002841977668879
0.7684064762168659
0.5421657455392378
1.8950406414328023
0.818730055080309
1.0463578491559538
1.7897640785165219
0.9319804434408215
0.0
0.041107579315316604
0.1968377758446559
0.07193908480140641
0.06821803026207063
0.5453008996398473
0.732698560997227
0.03635773690210871
0.19218072512146459
0.15486791817009632
0.14657443899653524
0.4564521450922614
0.5323697753513171
0.12149998269125645
0.17249480704756742
1.2591882456472248
0.7857831682540987
0.8139140079461015
0.7788574845743977
1.696258274462434
0.9749098593568912
0.0
0.042059874831639955
0.07743807035851788
0.014311053268804469
0.06043757907465934
0.2847715363828527
0.2880328825534485
0.43714946186899806
0.2611965410532532
0.4727163797469088
0.5486217269598512
0.25017624506203645
0.695303141063766
0.24983287066308485
0.5008765230123092
2.8265641890346394
0.31509957992219395
0.2331743864774332
0.578871040931911
0.5463254406061079
0.7699722978947383
0.0
0.0006234197567874809
0.01392858854301647
0.08065400503079616
0.191500030324402
0.06814451160992194
0.21915188027432686
0.044431898315823615
0.16119267751204147
0.9809818235816756
0.03646048876822835
0.5437904599606369
0.49891971922516504
0.385908459676666
0.30241308180822823
0.4365180999578513
0.30420959225952143
0.36479996243097623
1.3251131649743089
0.7514926106150108
0.4024893516133952
0.0
0.014043179953273909
0.1641877097855305
0.12840933895801648
0.07608332332458916
0.2609252869721446
0.06449785091415833
0.0366224490558238
0.2582904967975511
0.19540354901631557
0.5445367628446994
0.24515227742748769
0.4730730378084332
0.6708404671897765
0.5789188797720123
2.0888928813996017
0.7284287149282119
1.048806399810748
0.8483097450021633
0.3533735293252551
0.1120670900218745
