0.0
0.025259459773754406
0.022483327578466408
0.1480455684938897
0.05032470733816043
0.028163418045956123
0.5467540813758539
0.08045678677766417
0.4556003131472547
0.006978922480036971
0.6790013786893013
0.31450134312815886
0.5371351972662787
1.1267903493576432
0.13025371737554195
0.13665629231006066
0.7980122556413617
0.2016883021608619
0.3862788046864513
0.8948912230556196
0.9859392836801422
0.0
0.017169243093205066
0.012487986810513869
0.16040440271303402
0.16890391477155764
0.09084771522993758
0.5253982474135963
0.16143636501046368
0.31452705435809714
0.33344787677150545
0.5181279597629446
0.2760848583238966
1.4530679062504381
0.5382331498465099
0.8504925664406572
1.1406683551079146
0.20806730130778428
3.075360873829621
0.14305521268249347
2.1854825713589596
0.8963170589384848
0.0
0.02492609252832928
0.1848792172980356
0.1141439452462376
0.0467965048447899
0.08016546052555519
0.02352518557293939
0.14650917867906288
0.14035195164741815
0.13506536391718896
0.16954205744504797
0.22064457258377132
0.10126927463011784
0.6052454926974774
0.6126893987685434
0.017338943049711897
0.6658566043003644
0.6875857721680009
0.6504752677317565
0.9606233834638136
0.11734747885377678
0.0
0.016748801214923267
0.1401808206057457
0.004280690798952608
0.29266510806522406
0.2117445989645823
0.1304287359608241
0.33712261232325735
0.16504758706935163
0.04755416519860951
0.03792406070379031
1.1907418308203337
0.5013365304271432
1.584312373939838
0.6683416074359443
0.12299477789703446
0.11916065615738958
0.04178112874949855
0.15668473317573103
0.4120148355494707
0.8608428344814778
0.0
0.09502756879073385
0.09097772772497388
0.18375152777423676
0.04334905834404611
0.015377623444908313
0.25022489987487745
0.2505286741652802
0.36866408153372626
0.5243281410275433
0.1472927197295316
0.280461521016181
0.66594980580893
0.03688279522544778
0.11289506797384691
0.7440948389334536
0.87268699898433
0.49288904099451203
0.7904305396111273
0.7236500706122672
0.1296484433301019
0.0
0.04268272572319719
0.05693163874448813
0.1936057516579847
0.07899277160465026
0.21456163203824113
0.5174872566065037
0.2515649359216775
0.43799317601118154
0.6867163351228592
0.1835871454670465
0.3536737556270158
0.12467820113000007
0.1488007630732437
0.8267155455906622
0.8657958550148431
0.31414223737879815
0.8995118996092726
0.1767874222797829
0.14679061154912157
1.178725338423653
0.0
0.029173552503590328
0.06891151133600673
0.036920326698894584
0.06996330225109157
0.12023239398546984
0.056568527643955605
0.6014883134612662
0.3350008062660545
0.5473623711621508
0.1547178982250542
0.057742112348789065
0.26492744363465454
0.15426443215652635
1.3891001641744742
0.7655732470845106
0.82303163466258
0.24481745454459997
0.621460936843357
1.0196631182911686
0.036467236707212795
0.0
0.039214148227106935
0.03809864408848852
0.09046752283299793
0.07045841519065764
0.41344472172085023
0.2517082160953215
0.29837256137617935
0.4375666436319225
0.1762529852838278
0.12236501419969707
1.6102224228833604
0.3469228791520323
0.9367723948711543
0.7798971200630747
0.8303963437272297
2.1075459663085105
0.7127121162278328
0.8228053087949535
1.467616801534576
0.5737656441166369
0.0
0.014265397884627745
0.020668929715724874
0.13360023283555192
0.043165417217139956
0.18837099750175426
0.10524956950496482
0.12487399903226619
0.8353549264686417
0.1339413763731482
0.19979596073448186
0.3166507650385801
0.38518895929492447
0.18251244992487403
0.14337707331973695
0.2293342754767954
0.40569381517589587
0.7899222578131704
0.6776266945580844
0.1307443685105229
2.366468881971554
0.0
0.005169431371956426
0.09253289802438432
0.2739453094291507
0.10129430591059348
0.3481643804003342
0.5990361766556616
0.5232905555306498
0.5484362958697696
0.24998339560126048
0.11627139230265911
0.6707488315552954
0.0696903886165988
0.011193259796927993
0.3482081749557822
0.3976163209801438
0.17993166371358577
1.388273943659428
0.36480799235360617
0.899854742457943
0.7974115274154198
