0.0
0.016843528191253607
0.011294790893363521
0.21272389294754554
0.050083695237507136
0.13079385114030914
0.06512377395804214
0.36667207541387287
0.514542471963768
0.14231062738041889
0.018620683073158232
0.7666841569648184
0.3619063568062746
0.11666655015575857
0.5238655903325925
0.47359997004788384
0.8419226455182368
0.49493063266279136
2.410175516722892
0.5978424860672634
3.3663183761050055
0.0
0.046670919070433727
0.04199751352542224
0.23328500526984478
0.004655622714690878
0.061675491313520694
0.41200640806213384
0.1318528982075501
0.12393475175024132
0.694186822941614
0.19040995232708124
0.42757171511406483
0.21011925602644407
0.7291221727339618
0.7603682418639308
0.9408512379088535
0.42269286212432033
0.6556690649582466
0.892265238522415
0.3370970976381451
0.4397562066762326
0.0
0.07993087734328574
0.00978432752019295
0.1766945739248263
0.2262245384926262
0.4730853917550249
0.06766006984616986
0.4740713663320583
0.46276006536993847
0.22733220336858015
1.240361760687265
0.6738594529071351
0.6534203894368715
0.5836208834169441
0.2265808794203294
0.6493467753328349
0.6602471415852506
0.6554763750759756
1.2069466512825802
0.4416830952272618
0.5492664951053313
0.0
0.0537664644744259
0.010643816921779702
0.4837200064815572
0.04674367449043254
0.017455662419404275
0.529680970436284
0.20447173739924196
0.030019009916157517
0.08974163387216748
0.506893123260834
0.07990089297325226
0.3699740415189178
0.6777887591164
0.7116528589184344
0.1870007575278213
0.8888732020113184
0.41440002078042903
1.100388788741488
0.9381536211248317
0.9152689764241502
0.0
0.0433414138731971
0.10490114919388802
0.16103117949126733
0.011069480389950714
0.3633726022516215
0.1480135764857656
0.41477788865550325
0.0731248555919972
0.5350578044004481
0.5331069860714579
0.03209274354601245
0.5500128879820171
1.1314957545052666
0.2858171971397994
0.5054121120655831
0.780469488410278
0.9097229336596937
1.241639687370985
0.8408289178282942
0.25081580678411314
0.0
0.13072386060364155
0.11356576213655689
0.1518224940389632
0.13756117767298673
0.22911817054109157
0.4099453414346122
0.335198437787274
0.4262833780373012
0.6511446982088587
1.3652191760579806
0.01593331251589632
0.28087650903006806
0.6107867546901348
0.4773771861519964
0.5738469562449053
2.694440809821418
0.2895624234424456
0.7671991397465189
0.7501019724723159
0.9469488376644137
0.0
0.06008392752589437
0.09611388100832798
0.0219704403223743
0.39885978919980797
0.0836868673563503
0.16979081281961436
0.23992079461134397
0.9014116719499576
0.3203171146874722
0.08001849292109944
0.523481565749121
0.5035911926981531
0.8444034454151257
0.17219156527588025
0.06526579776362701
0.5558565375991285
0.8301395356287951
0.3956461483808415
3.0271862921657338
2.862565594622438
0.0
0.03088409288087039
0.20459433416063352
0.10805556464975372
0.02879109194466933
0.023470686295847917
0.4280816717422962
0.187382048272061
0.13701743605264935
0.4412349801320341
0.14312010470890008
0.05710765665702709
0.6150204138364356
0.4926652313789154
0.9675214488442692
0.15907904593404198
0.6094633638318908
0.6953890422002047
0.7248610230899896
0.6995394892977669
0.7286763683663655
0.0
0.01671393235709607
0.10501637919459039
0.23350340652205917
0.13181588704903308
0.664369350050439
0.4137572986749042
0.149992508935477
0.2331524353316901
0.43478782212900036
0.38072865020603175
0.49498037652393
0.25237948555277856
1.3901137010262723
0.34479036017248876
3.349157985995481
0.8062854824007513
0.9183624680832386
0.5953614954068869
0.5883159823760582
0.38181622533191634
0.0
0.0543801849536889
0.10503573880050596
0.028929230643677264
0.4470646590678053
0.26878683050866303
0.14825933864949348
0.2547694007627128
0.4488846663339823
0.5464163694598607
0.1470868248975993
0.44013491265475774
0.7970947428992761
1.2784140004262878
0.2773639210317992
0.47551298272360126
0.6614757821577496
0.8489540683529987
0.8611182260858282
2.26707936936422
0.37712998846150414
