0
Extracting /tmp/data/train-images-idx3-ubyte.gz
Extracting /tmp/data/train-labels-idx1-ubyte.gz
Extracting /tmp/data/t10k-images-idx3-ubyte.gz
Extracting /tmp/data/t10k-labels-idx1-ubyte.gz
[[ -216.46377563  -505.14675903   166.85092163 ...  1224.45385742
    231.19075012    18.12016106]
 [  291.76168823    93.0434494   1332.86242676 ... -1866.54467773
    180.05368042 -1258.6796875 ]
 [ -396.80136108   709.79888916   123.2940979  ...   196.51139832
      5.92283058   -23.22389412]
 ...
 [ -534.47088623  -371.25341797  -731.05633545 ...   683.28063965
    463.02038574   813.91149902]
 [ -967.79943848  -296.77200317   415.1809082  ...  -358.0546875
   1113.14819336   236.10491943]
 [    4.32428265  -619.02935791   905.23583984 ... -1199.3581543
   -181.26089478   169.82078552]]
-----------------------
[[ -216.46378    -505.14676     166.85092   ...  1224.4539
    231.19075      18.120161 ]
 [  291.7617       93.04345    1332.8624    ... -1866.5447
    180.05368   -1258.6797   ]
 [ -396.80136     709.7989      123.2941    ...   196.5114
      5.9228306   -23.223894 ]
 ...
 [ -534.4709     -371.25342    -731.05634   ...   683.28064
    463.0204      813.9115   ]
 [ -967.79944    -296.772       415.1809    ...  -358.0547
   1113.1482      236.10492  ]
 [    4.3242826  -619.02936     905.23584   ... -1199.3582
   -181.2609      169.82079  ]]
('Norm: ', 0.0)
('Accuracy: ', 0.9003)
2
Extracting /tmp/data/train-images-idx3-ubyte.gz
Extracting /tmp/data/train-labels-idx1-ubyte.gz
Extracting /tmp/data/t10k-images-idx3-ubyte.gz
Extracting /tmp/data/t10k-labels-idx1-ubyte.gz
[[ -216.46377563  -505.14675903   166.85092163 ...  1224.45385742
    231.19075012    18.12016106]
 [  291.76168823    93.0434494   1332.86242676 ... -1866.54467773
    180.05368042 -1258.6796875 ]
 [ -396.80136108   709.79888916   123.2940979  ...   196.51139832
      5.92283058   -23.22389412]
 ...
 [ -534.47088623  -371.25341797  -731.05633545 ...   683.28063965
    463.02038574   813.91149902]
 [ -967.79943848  -296.77200317   415.1809082  ...  -358.0546875
   1113.14819336   236.10491943]
 [    4.32428265  -619.02935791   905.23583984 ... -1199.3581543
   -181.26089478   169.82078552]]
-----------------------
[[  -41.113876   -400.92105       1.4447358 ...   734.63837
    138.1079      -41.83549  ]
 [   30.129307    131.91212     810.49023   ... -1416.5693
    247.4823     -984.9707   ]
 [ -306.8314      439.37845     -33.693935  ...   201.8919
     22.372614    -64.4227   ]
 ...
 [ -396.26236    -428.0876     -598.1759    ...   529.3477
    292.9148      380.30533  ]
 [ -683.8742     -288.77664      19.916264  ...  -349.2742
    926.47144     209.60468  ]
 [  176.00836    -823.6939      891.6052    ...  -963.46954
   -405.8296     -106.63451  ]]
('Norm: ', 0.36582688461691093)
('Accuracy: ', 0.8624)
4
Extracting /tmp/data/train-images-idx3-ubyte.gz
Extracting /tmp/data/train-labels-idx1-ubyte.gz
Extracting /tmp/data/t10k-images-idx3-ubyte.gz
Extracting /tmp/data/t10k-labels-idx1-ubyte.gz
[[ -216.46377563  -505.14675903   166.85092163 ...  1224.45385742
    231.19075012    18.12016106]
 [  291.76168823    93.0434494   1332.86242676 ... -1866.54467773
    180.05368042 -1258.6796875 ]
 [ -396.80136108   709.79888916   123.2940979  ...   196.51139832
      5.92283058   -23.22389412]
 ...
 [ -534.47088623  -371.25341797  -731.05633545 ...   683.28063965
    463.02038574   813.91149902]
 [ -967.79943848  -296.77200317   415.1809082  ...  -358.0546875
   1113.14819336   236.10491943]
 [    4.32428265  -619.02935791   905.23583984 ... -1199.3581543
   -181.26089478   169.82078552]]
-----------------------
[[ 101.61464    -95.20731     43.84656   ...  305.9932     -65.021645
  -126.8589   ]
 [-234.14835    258.7125     412.11996   ... -822.8302     157.06384
  -347.34286  ]
 [-134.89641    246.73027    -53.733852  ...  181.98366     21.63569
   -24.194658 ]
 ...
 [-284.2476    -366.4894    -301.16135   ...  344.9061      39.326668
   113.546295 ]
 [-402.77313    -13.40878     -2.4239624 ... -207.37791    673.0705
   183.6453   ]
 [  -6.6500216 -259.72552    653.7999    ... -588.41364    -60.19149
   103.25047  ]]
('Norm: ', 0.6545034046471463)
('Accuracy: ', 0.7261)
6
Extracting /tmp/data/train-images-idx3-ubyte.gz
Extracting /tmp/data/train-labels-idx1-ubyte.gz
Extracting /tmp/data/t10k-images-idx3-ubyte.gz
Extracting /tmp/data/t10k-labels-idx1-ubyte.gz
[[ -216.46377563  -505.14675903   166.85092163 ...  1224.45385742
    231.19075012    18.12016106]
 [  291.76168823    93.0434494   1332.86242676 ... -1866.54467773
    180.05368042 -1258.6796875 ]
 [ -396.80136108   709.79888916   123.2940979  ...   196.51139832
      5.92283058   -23.22389412]
 ...
 [ -534.47088623  -371.25341797  -731.05633545 ...   683.28063965
    463.02038574   813.91149902]
 [ -967.79943848  -296.77200317   415.1809082  ...  -358.0546875
   1113.14819336   236.10491943]
 [    4.32428265  -619.02935791   905.23583984 ... -1199.3581543
   -181.26089478   169.82078552]]
-----------------------
[[ 223.26549     56.693066   111.60449   ...  227.43303    -17.959284
   -84.66635  ]
 [-128.14732    343.27194    268.58932   ... -309.5526     315.8952
  -193.6497   ]
 [ -20.348675   156.28354    -37.17024   ...  182.32979    154.73709
  -102.46405  ]
 ...
 [   1.4727926    1.0503417 -181.34038   ...  322.10883    263.32465
   106.60701  ]
 [-115.2944    -284.48148   -166.3584    ... -224.04921    548.5839
   118.025085 ]
 [ 440.24973   -386.07217    410.78397   ... -113.73632   -232.8473
   192.81859  ]]
('Norm: ', 0.8198957276023785)
('Accuracy: ', 0.5553)
8
Extracting /tmp/data/train-images-idx3-ubyte.gz
Extracting /tmp/data/train-labels-idx1-ubyte.gz
Extracting /tmp/data/t10k-images-idx3-ubyte.gz
Extracting /tmp/data/t10k-labels-idx1-ubyte.gz
[[ -216.46377563  -505.14675903   166.85092163 ...  1224.45385742
    231.19075012    18.12016106]
 [  291.76168823    93.0434494   1332.86242676 ... -1866.54467773
    180.05368042 -1258.6796875 ]
 [ -396.80136108   709.79888916   123.2940979  ...   196.51139832
      5.92283058   -23.22389412]
 ...
 [ -534.47088623  -371.25341797  -731.05633545 ...   683.28063965
    463.02038574   813.91149902]
 [ -967.79943848  -296.77200317   415.1809082  ...  -358.0546875
   1113.14819336   236.10491943]
 [    4.32428265  -619.02935791   905.23583984 ... -1199.3581543
   -181.26089478   169.82078552]]
-----------------------
[[208.1152   148.8741    67.915764 ... 140.93015   46.074844  47.58225 ]
 [ 11.636094 408.1753   399.356    ... -99.480354 435.37076  150.47058 ]
 [107.529686 258.9706   118.777954 ... 231.17325  193.70897  148.78618 ]
 ...
 [254.7028   139.91774  125.66826  ... 505.10056  271.49902  266.65283 ]
 [142.17035  212.21329  255.6048   ... -30.407413 786.08954  412.67056 ]
 [476.05444  246.96014  613.31555  ... 179.56291  292.2444   591.35785 ]]
('Norm: ', 0.9085724761499729)
('Accuracy: ', 0.5228)
10
Extracting /tmp/data/train-images-idx3-ubyte.gz
Extracting /tmp/data/train-labels-idx1-ubyte.gz
Extracting /tmp/data/t10k-images-idx3-ubyte.gz
Extracting /tmp/data/t10k-labels-idx1-ubyte.gz
[[ -216.46377563  -505.14675903   166.85092163 ...  1224.45385742
    231.19075012    18.12016106]
 [  291.76168823    93.0434494   1332.86242676 ... -1866.54467773
    180.05368042 -1258.6796875 ]
 [ -396.80136108   709.79888916   123.2940979  ...   196.51139832
      5.92283058   -23.22389412]
 ...
 [ -534.47088623  -371.25341797  -731.05633545 ...   683.28063965
    463.02038574   813.91149902]
 [ -967.79943848  -296.77200317   415.1809082  ...  -358.0546875
   1113.14819336   236.10491943]
 [    4.32428265  -619.02935791   905.23583984 ... -1199.3581543
   -181.26089478   169.82078552]]
-----------------------
[[-1899.9758 -3138.3481 -2512.6453 ...  -811.8586 -2424.769  -2345.2295]
 [-2515.1836 -3949.82   -2288.8606 ... -5235.0264 -3356.4705 -4882.2666]
 [-2102.2065 -1528.9242 -2381.3933 ... -2256.5173 -1950.1097 -2301.63  ]
 ...
 [-2725.9475 -3755.9863 -3750.1843 ... -1816.199  -2333.6228 -1784.0695]
 [-2994.6763 -3484.8235 -2575.1016 ... -3192.4858 -1488.78   -2415.9297]
 [-3020.3813 -5418.4897 -3397.1763 ... -5139.219  -5056.327  -4084.8232]]
('Norm: ', 3.9884737172865257)
('Accuracy: ', 0.7753)
12
Extracting /tmp/data/train-images-idx3-ubyte.gz
Extracting /tmp/data/train-labels-idx1-ubyte.gz
Extracting /tmp/data/t10k-images-idx3-ubyte.gz
Extracting /tmp/data/t10k-labels-idx1-ubyte.gz
[[ -216.46377563  -505.14675903   166.85092163 ...  1224.45385742
    231.19075012    18.12016106]
 [  291.76168823    93.0434494   1332.86242676 ... -1866.54467773
    180.05368042 -1258.6796875 ]
 [ -396.80136108   709.79888916   123.2940979  ...   196.51139832
      5.92283058   -23.22389412]
 ...
 [ -534.47088623  -371.25341797  -731.05633545 ...   683.28063965
    463.02038574   813.91149902]
 [ -967.79943848  -296.77200317   415.1809082  ...  -358.0546875
   1113.14819336   236.10491943]
 [    4.32428265  -619.02935791   905.23583984 ... -1199.3581543
   -181.26089478   169.82078552]]
-----------------------
[[ -278.2052    -724.21875    668.75146  ...  2642.5166     176.29985
    376.1763  ]
 [ 1059.8295     435.1547    1924.7909   ... -3645.816     -487.6536
  -2614.9736  ]
 [ -409.8642    1240.6302     158.5383   ...    11.883076   228.93578
   -436.49875 ]
 ...
 [ -765.5738    -373.4892    -805.84705  ...  1231.9773     669.9827
   2033.8335  ]
 [ -876.1572    -447.43546   1308.0316   ...   -13.863689  1923.0219
     46.32786 ]
 [ 1339.4395   -1797.5142     923.771    ... -1197.6292    -845.2935
    491.23312 ]]
('Norm: ', 0.9301386007092624)
('Accuracy: ', 0.8645)
14
Extracting /tmp/data/train-images-idx3-ubyte.gz
Extracting /tmp/data/train-labels-idx1-ubyte.gz
Extracting /tmp/data/t10k-images-idx3-ubyte.gz
Extracting /tmp/data/t10k-labels-idx1-ubyte.gz
[[ -216.46377563  -505.14675903   166.85092163 ...  1224.45385742
    231.19075012    18.12016106]
 [  291.76168823    93.0434494   1332.86242676 ... -1866.54467773
    180.05368042 -1258.6796875 ]
 [ -396.80136108   709.79888916   123.2940979  ...   196.51139832
      5.92283058   -23.22389412]
 ...
 [ -534.47088623  -371.25341797  -731.05633545 ...   683.28063965
    463.02038574   813.91149902]
 [ -967.79943848  -296.77200317   415.1809082  ...  -358.0546875
   1113.14819336   236.10491943]
 [    4.32428265  -619.02935791   905.23583984 ... -1199.3581543
   -181.26089478   169.82078552]]
-----------------------
[[ -713.00104  -2022.3895     421.11502  ...  -263.18668  -1084.3195
    116.325745]
 [-1433.8812    -227.19702   1081.5936   ... -1862.9243    -499.87286
    -62.841175]
 [ -742.2788     317.14093   -136.60025  ...  -167.34856   -243.17145
   -151.61345 ]
 ...
 [-1128.0034   -1775.2003      30.503025 ...  -724.9957    -408.93958
   -194.90895 ]
 [-1251.7804    -929.10706    776.24274  ...  -796.4178    -366.90384
    157.89307 ]
 [-1693.9863   -1598.3077     125.55527  ...   -86.38682   -646.81213
  -1019.28503 ]]
('Norm: ', 1.1983821468688016)
('Accuracy: ', 0.2089)
16
Extracting /tmp/data/train-images-idx3-ubyte.gz
Extracting /tmp/data/train-labels-idx1-ubyte.gz
Extracting /tmp/data/t10k-images-idx3-ubyte.gz
Extracting /tmp/data/t10k-labels-idx1-ubyte.gz
[[ -216.46377563  -505.14675903   166.85092163 ...  1224.45385742
    231.19075012    18.12016106]
 [  291.76168823    93.0434494   1332.86242676 ... -1866.54467773
    180.05368042 -1258.6796875 ]
 [ -396.80136108   709.79888916   123.2940979  ...   196.51139832
      5.92283058   -23.22389412]
 ...
 [ -534.47088623  -371.25341797  -731.05633545 ...   683.28063965
    463.02038574   813.91149902]
 [ -967.79943848  -296.77200317   415.1809082  ...  -358.0546875
   1113.14819336   236.10491943]
 [    4.32428265  -619.02935791   905.23583984 ... -1199.3581543
   -181.26089478   169.82078552]]
-----------------------
[[23770.475 20077.268 14755.995 ... 20232.45  12901.945 16714.945]
 [38621.15  32774.6   21692.582 ... 18686.084 16764.107 17639.238]
 [13837.313 15002.537  8485.941 ...  9018.579  8202.455  8508.   ]
 ...
 [36724.625 34194.24  18539.59  ... 26866.398 22544.178 26472.783]
 [33671.758 31356.568 19165.164 ... 22172.768 20625.365 19397.11 ]
 [61037.023 50745.242 29029.244 ... 36779.438 29412.201 35899.73 ]]
('Norm: ', 36.63248313973887)
('Accuracy: ', 0.2656)
18
Extracting /tmp/data/train-images-idx3-ubyte.gz
Extracting /tmp/data/train-labels-idx1-ubyte.gz
Extracting /tmp/data/t10k-images-idx3-ubyte.gz
Extracting /tmp/data/t10k-labels-idx1-ubyte.gz
[[ -216.46377563  -505.14675903   166.85092163 ...  1224.45385742
    231.19075012    18.12016106]
 [  291.76168823    93.0434494   1332.86242676 ... -1866.54467773
    180.05368042 -1258.6796875 ]
 [ -396.80136108   709.79888916   123.2940979  ...   196.51139832
      5.92283058   -23.22389412]
 ...
 [ -534.47088623  -371.25341797  -731.05633545 ...   683.28063965
    463.02038574   813.91149902]
 [ -967.79943848  -296.77200317   415.1809082  ...  -358.0546875
   1113.14819336   236.10491943]
 [    4.32428265  -619.02935791   905.23583984 ... -1199.3581543
   -181.26089478   169.82078552]]
-----------------------
[[ 17.501911    22.95874     -3.2957394  ...   8.179174    -0.7793164
   16.157478  ]
 [ 17.501911    22.95874     -3.2957394  ...   8.179174    -0.7793164
   16.157478  ]
 [ 94.60242     77.535866   -13.220515   ...   6.3742       0.28169537
   52.820095  ]
 ...
 [ 17.501911    22.95874     -3.2957394  ...   8.179174    -0.7793164
   16.157478  ]
 [ 17.501911    22.95874     -3.2957394  ...   8.179174    -0.7793164
   16.157478  ]
 [ 17.501911    22.95874     -3.2957394  ...   8.179174    -0.7793164
   16.157478  ]]
('Norm: ', 1.002096093550267)
('Accuracy: ', 0.0767)
20
Extracting /tmp/data/train-images-idx3-ubyte.gz
Extracting /tmp/data/train-labels-idx1-ubyte.gz
Extracting /tmp/data/t10k-images-idx3-ubyte.gz
Extracting /tmp/data/t10k-labels-idx1-ubyte.gz
[[ -216.46377563  -505.14675903   166.85092163 ...  1224.45385742
    231.19075012    18.12016106]
 [  291.76168823    93.0434494   1332.86242676 ... -1866.54467773
    180.05368042 -1258.6796875 ]
 [ -396.80136108   709.79888916   123.2940979  ...   196.51139832
      5.92283058   -23.22389412]
 ...
 [ -534.47088623  -371.25341797  -731.05633545 ...   683.28063965
    463.02038574   813.91149902]
 [ -967.79943848  -296.77200317   415.1809082  ...  -358.0546875
   1113.14819336   236.10491943]
 [    4.32428265  -619.02935791   905.23583984 ... -1199.3581543
   -181.26089478   169.82078552]]
-----------------------
[[ -7130.8975 -10081.111   -8563.776  ...  -4483.3765  -9573.772
   -7288.498 ]
 [ -8732.331  -12998.744  -12000.369  ... -16781.652  -15203.388
  -16604.81  ]
 [ -4614.722   -4233.8276  -5904.901  ...  -5947.297   -5637.909
   -6260.5713]
 ...
 [-10933.606  -12632.984  -14006.059  ... -10190.359  -11886.738
  -10033.149 ]
 [-10196.298  -12210.336  -11821.572  ... -11993.633   -9947.488
  -12614.832 ]
 [-11663.917  -21060.314  -20337.418  ... -18734.781  -21789.93
  -18137.45  ]]
('Norm: ', 15.936429939994955)
('Accuracy: ', 0.4334)
0
Extracting /tmp/data/train-images-idx3-ubyte.gz
Extracting /tmp/data/train-labels-idx1-ubyte.gz
Extracting /tmp/data/t10k-images-idx3-ubyte.gz
Extracting /tmp/data/t10k-labels-idx1-ubyte.gz
[[ -216.46377563  -505.14675903   166.85092163 ...  1224.45385742
    231.19075012    18.12016106]
 [  291.76168823    93.0434494   1332.86242676 ... -1866.54467773
    180.05368042 -1258.6796875 ]
 [ -396.80136108   709.79888916   123.2940979  ...   196.51139832
      5.92283058   -23.22389412]
 ...
 [ -534.47088623  -371.25341797  -731.05633545 ...   683.28063965
    463.02038574   813.91149902]
 [ -967.79943848  -296.77200317   415.1809082  ...  -358.0546875
   1113.14819336   236.10491943]
 [    4.32428265  -619.02935791   905.23583984 ... -1199.3581543
   -181.26089478   169.82078552]]
-----------------------
[[ -216.46378    -505.14676     166.85092   ...  1224.4539
    231.19075      18.120161 ]
 [  291.7617       93.04345    1332.8624    ... -1866.5447
    180.05368   -1258.6797   ]
 [ -396.80136     709.7989      123.2941    ...   196.5114
      5.9228306   -23.223894 ]
 ...
 [ -534.4709     -371.25342    -731.05634   ...   683.28064
    463.0204      813.9115   ]
 [ -967.79944    -296.772       415.1809    ...  -358.0547
   1113.1482      236.10492  ]
 [    4.3242826  -619.02936     905.23584   ... -1199.3582
   -181.2609      169.82079  ]]
('Norm: ', 0.0)
('Accuracy: ', 0.9003)
2
Extracting /tmp/data/train-images-idx3-ubyte.gz
Extracting /tmp/data/train-labels-idx1-ubyte.gz
Extracting /tmp/data/t10k-images-idx3-ubyte.gz
Extracting /tmp/data/t10k-labels-idx1-ubyte.gz
[[ -216.46377563  -505.14675903   166.85092163 ...  1224.45385742
    231.19075012    18.12016106]
 [  291.76168823    93.0434494   1332.86242676 ... -1866.54467773
    180.05368042 -1258.6796875 ]
 [ -396.80136108   709.79888916   123.2940979  ...   196.51139832
      5.92283058   -23.22389412]
 ...
 [ -534.47088623  -371.25341797  -731.05633545 ...   683.28063965
    463.02038574   813.91149902]
 [ -967.79943848  -296.77200317   415.1809082  ...  -358.0546875
   1113.14819336   236.10491943]
 [    4.32428265  -619.02935791   905.23583984 ... -1199.3581543
   -181.26089478   169.82078552]]
-----------------------
[[  210.37122  -225.01157   333.95108 ...  1509.4736    480.4302
     83.54854]
 [  828.7978    149.50021  1497.286   ... -1746.6865    286.57874
  -1345.83   ]
 [ -229.4646    910.5761    118.52536 ...   238.45567   195.11111
    -92.18114]
 ...
 [ -126.62253  -111.66262  -685.78705 ...  1109.6804    667.4656
   1188.8917 ]
 [ -592.33453  -372.5762    680.4757  ...  -176.6657   1482.5701
    331.31543]
 [  724.5568   -550.8459    982.6842  ...  -960.95526  -182.40405
    243.75755]]
('Norm: ', 0.3533449817128211)
('Accuracy: ', 0.8928)
4
Extracting /tmp/data/train-images-idx3-ubyte.gz
Extracting /tmp/data/train-labels-idx1-ubyte.gz
Extracting /tmp/data/t10k-images-idx3-ubyte.gz
Extracting /tmp/data/t10k-labels-idx1-ubyte.gz
[[ -216.46377563  -505.14675903   166.85092163 ...  1224.45385742
    231.19075012    18.12016106]
 [  291.76168823    93.0434494   1332.86242676 ... -1866.54467773
    180.05368042 -1258.6796875 ]
 [ -396.80136108   709.79888916   123.2940979  ...   196.51139832
      5.92283058   -23.22389412]
 ...
 [ -534.47088623  -371.25341797  -731.05633545 ...   683.28063965
    463.02038574   813.91149902]
 [ -967.79943848  -296.77200317   415.1809082  ...  -358.0546875
   1113.14819336   236.10491943]
 [    4.32428265  -619.02935791   905.23583984 ... -1199.3581543
   -181.26089478   169.82078552]]
-----------------------
[[-1640.0154  -2421.2346   -714.61957 ...  2217.6826  -1866.5483
   -406.5156 ]
 [ -288.9197  -1365.7509   -294.69327 ... -6327.003   -3974.643
  -6176.8857 ]
 [-1023.65265   544.30615  -797.5823  ... -1145.3358   -826.14404
  -1732.5963 ]
 ...
 [-2722.7893  -1920.048   -2641.614   ...  -221.2559  -1309.5184
    110.25841]
 [-2313.8118  -1971.137    -830.1367  ... -2165.6948     33.62513
  -2874.275  ]
 [  708.06525 -4871.2407  -2417.956   ... -3625.2693  -5325.973
  -2660.854  ]]
('Norm: ', 2.764953347696565)
('Accuracy: ', 0.7277)
6
Extracting /tmp/data/train-images-idx3-ubyte.gz
Extracting /tmp/data/train-labels-idx1-ubyte.gz
Extracting /tmp/data/t10k-images-idx3-ubyte.gz
Extracting /tmp/data/t10k-labels-idx1-ubyte.gz
[[ -216.46377563  -505.14675903   166.85092163 ...  1224.45385742
    231.19075012    18.12016106]
 [  291.76168823    93.0434494   1332.86242676 ... -1866.54467773
    180.05368042 -1258.6796875 ]
 [ -396.80136108   709.79888916   123.2940979  ...   196.51139832
      5.92283058   -23.22389412]
 ...
 [ -534.47088623  -371.25341797  -731.05633545 ...   683.28063965
    463.02038574   813.91149902]
 [ -967.79943848  -296.77200317   415.1809082  ...  -358.0546875
   1113.14819336   236.10491943]
 [    4.32428265  -619.02935791   905.23583984 ... -1199.3581543
   -181.26089478   169.82078552]]
-----------------------
[[ 360.0598     -8.172521   21.242771 ...  384.99594  -336.9268
  -269.82297 ]
 [ 310.7897    245.29161   256.01947  ... -660.2236    141.7771
  -472.9691  ]
 [ -72.1714    372.18796  -499.12097  ...   15.805126  206.68872
  -351.49545 ]
 ...
 [  58.984768   54.32388  -425.1915   ...  466.87057   291.3692
   449.0779  ]
 [-110.45949  -499.56192  -302.62344  ... -166.80263   583.3342
   391.73898 ]
 [ 680.1482   -521.56067   211.66052  ... -155.95259  -840.24725
    22.504065]]
('Norm: ', 0.7935496681514007)
('Accuracy: ', 0.5435)
8
Extracting /tmp/data/train-images-idx3-ubyte.gz
Extracting /tmp/data/train-labels-idx1-ubyte.gz
Extracting /tmp/data/t10k-images-idx3-ubyte.gz
Extracting /tmp/data/t10k-labels-idx1-ubyte.gz
[[ -216.46377563  -505.14675903   166.85092163 ...  1224.45385742
    231.19075012    18.12016106]
 [  291.76168823    93.0434494   1332.86242676 ... -1866.54467773
    180.05368042 -1258.6796875 ]
 [ -396.80136108   709.79888916   123.2940979  ...   196.51139832
      5.92283058   -23.22389412]
 ...
 [ -534.47088623  -371.25341797  -731.05633545 ...   683.28063965
    463.02038574   813.91149902]
 [ -967.79943848  -296.77200317   415.1809082  ...  -358.0546875
   1113.14819336   236.10491943]
 [    4.32428265  -619.02935791   905.23583984 ... -1199.3581543
   -181.26089478   169.82078552]]
-----------------------
[[-2458.9475  -3035.898    -769.0781  ...   984.2941  -1452.0656
   -978.92035]
 [-1978.6469  -2009.43      226.67099 ... -5718.707   -2188.955
  -4121.341  ]
 [-1745.7902   -110.22898  -646.6651  ...  -719.2633  -1068.742
   -787.9777 ]
 ...
 [-3957.5461  -3018.742   -2431.6619  ... -1279.1812  -1414.7423
   -220.87868]
 [-3884.7053  -2218.568    -281.74783 ... -2731.3535   -693.4784
  -1399.5302 ]
 [-3789.9888  -4680.7886  -1210.4226  ... -3726.1306  -3138.113
  -1758.1548 ]]
('Norm: ', 2.9169844642616414)
('Accuracy: ', 0.798)
10
Extracting /tmp/data/train-images-idx3-ubyte.gz
Extracting /tmp/data/train-labels-idx1-ubyte.gz
Extracting /tmp/data/t10k-images-idx3-ubyte.gz
Extracting /tmp/data/t10k-labels-idx1-ubyte.gz
[[ -216.46377563  -505.14675903   166.85092163 ...  1224.45385742
    231.19075012    18.12016106]
 [  291.76168823    93.0434494   1332.86242676 ... -1866.54467773
    180.05368042 -1258.6796875 ]
 [ -396.80136108   709.79888916   123.2940979  ...   196.51139832
      5.92283058   -23.22389412]
 ...
 [ -534.47088623  -371.25341797  -731.05633545 ...   683.28063965
    463.02038574   813.91149902]
 [ -967.79943848  -296.77200317   415.1809082  ...  -358.0546875
   1113.14819336   236.10491943]
 [    4.32428265  -619.02935791   905.23583984 ... -1199.3581543
   -181.26089478   169.82078552]]
-----------------------
[[-1332.2728   -445.60294  2308.2993  ...  3415.83      486.6463
   1331.4244 ]
 [ -434.22565  3744.8765   5415.0835  ... -2158.113     635.2824
   -307.2524 ]
 [ -865.73505  1432.095    1826.7609  ...   906.0706    229.65823
    996.3587 ]
 ...
 [-2599.493    1625.4463   2714.3772  ...  1555.6843   2106.6428
   3062.721  ]
 [-1985.6227   1944.0441   4306.1235  ...   982.7175   1796.98
   2346.6477 ]
 [-1671.8612   1811.5135   5470.62    ...  1578.2747   1650.0332
   3099.6323 ]]
('Norm: ', 2.378879627395552)
('Accuracy: ', 0.4199)
12
Extracting /tmp/data/train-images-idx3-ubyte.gz
Extracting /tmp/data/train-labels-idx1-ubyte.gz
Extracting /tmp/data/t10k-images-idx3-ubyte.gz
Extracting /tmp/data/t10k-labels-idx1-ubyte.gz
[[ -216.46377563  -505.14675903   166.85092163 ...  1224.45385742
    231.19075012    18.12016106]
 [  291.76168823    93.0434494   1332.86242676 ... -1866.54467773
    180.05368042 -1258.6796875 ]
 [ -396.80136108   709.79888916   123.2940979  ...   196.51139832
      5.92283058   -23.22389412]
 ...
 [ -534.47088623  -371.25341797  -731.05633545 ...   683.28063965
    463.02038574   813.91149902]
 [ -967.79943848  -296.77200317   415.1809082  ...  -358.0546875
   1113.14819336   236.10491943]
 [    4.32428265  -619.02935791   905.23583984 ... -1199.3581543
   -181.26089478   169.82078552]]
-----------------------
[[  51.19765     34.359726   -19.22203   ...  111.603745   -88.62215
   -66.93872  ]
 [ -39.906345    19.029442    34.346325  ... -117.987236    39.162827
   -57.861397 ]
 [  63.8429     -81.183876   -15.878404  ...   71.78083     36.334274
  -118.57878  ]
 ...
 [ -48.26504    -10.405309    -9.317487  ...   56.398663    58.393875
     1.5826923]
 [ -43.23702   -338.64664   -168.20096   ... -137.33191    122.88148
    51.641216 ]
 [ 214.26636   -166.91336     37.213207  ...  -42.162426  -209.60371
    87.78206  ]]
('Norm: ', 0.9570969287973203)
('Accuracy: ', 0.3086)
14
Extracting /tmp/data/train-images-idx3-ubyte.gz
Extracting /tmp/data/train-labels-idx1-ubyte.gz
Extracting /tmp/data/t10k-images-idx3-ubyte.gz
Extracting /tmp/data/t10k-labels-idx1-ubyte.gz
[[ -216.46377563  -505.14675903   166.85092163 ...  1224.45385742
    231.19075012    18.12016106]
 [  291.76168823    93.0434494   1332.86242676 ... -1866.54467773
    180.05368042 -1258.6796875 ]
 [ -396.80136108   709.79888916   123.2940979  ...   196.51139832
      5.92283058   -23.22389412]
 ...
 [ -534.47088623  -371.25341797  -731.05633545 ...   683.28063965
    463.02038574   813.91149902]
 [ -967.79943848  -296.77200317   415.1809082  ...  -358.0546875
   1113.14819336   236.10491943]
 [    4.32428265  -619.02935791   905.23583984 ... -1199.3581543
   -181.26089478   169.82078552]]
-----------------------
[[ 14.029378   19.116598   -6.3446026 ...   4.9943175  -4.006297
   12.644629 ]
 [ 14.029378   19.116598   -6.3446026 ...   4.9943175  -4.006297
   12.644629 ]
 [ 79.27347    63.159634  -27.385853  ...  -8.482931  -15.7149315
   41.606102 ]
 ...
 [ 14.029378   19.116598   -6.3446026 ...   4.9943175  -4.006297
   12.644629 ]
 [ 14.029378   19.116598   -6.3446026 ...   4.9943175  -4.006297
   12.644629 ]
 [ 14.029378   19.116598   -6.3446026 ...   4.9943175  -4.006297
   12.644629 ]]
('Norm: ', 1.001800003701141)
('Accuracy: ', 0.1108)
16
Extracting /tmp/data/train-images-idx3-ubyte.gz
Extracting /tmp/data/train-labels-idx1-ubyte.gz
Extracting /tmp/data/t10k-images-idx3-ubyte.gz
Extracting /tmp/data/t10k-labels-idx1-ubyte.gz
[[ -216.46377563  -505.14675903   166.85092163 ...  1224.45385742
    231.19075012    18.12016106]
 [  291.76168823    93.0434494   1332.86242676 ... -1866.54467773
    180.05368042 -1258.6796875 ]
 [ -396.80136108   709.79888916   123.2940979  ...   196.51139832
      5.92283058   -23.22389412]
 ...
 [ -534.47088623  -371.25341797  -731.05633545 ...   683.28063965
    463.02038574   813.91149902]
 [ -967.79943848  -296.77200317   415.1809082  ...  -358.0546875
   1113.14819336   236.10491943]
 [    4.32428265  -619.02935791   905.23583984 ... -1199.3581543
   -181.26089478   169.82078552]]
-----------------------
[[ -415.89383  -541.74207  -665.0758  ...  -561.94495 -1193.5625
   -964.5534 ]
 [ -531.8748   -720.7975   -708.30774 ... -1065.1952   -824.09076
   -866.61395]
 [-1474.5809  -1488.619   -2248.5295  ... -1794.9944  -1597.3738
  -1512.9069 ]
 ...
 [ -544.0409   -652.20184  -884.3628  ...  -423.8071   -487.14676
   -341.14597]
 [ -862.1307  -1321.4183  -1477.4214  ...  -846.7431   -854.0682
   -709.04156]
 [ -314.39185  -769.92114  -609.3766  ...  -656.5733   -961.2016
   -712.7568 ]]
('Norm: ', 1.5036100418419287)
('Accuracy: ', 0.2606)
18
Extracting /tmp/data/train-images-idx3-ubyte.gz
Extracting /tmp/data/train-labels-idx1-ubyte.gz
Extracting /tmp/data/t10k-images-idx3-ubyte.gz
Extracting /tmp/data/t10k-labels-idx1-ubyte.gz
[[ -216.46377563  -505.14675903   166.85092163 ...  1224.45385742
    231.19075012    18.12016106]
 [  291.76168823    93.0434494   1332.86242676 ... -1866.54467773
    180.05368042 -1258.6796875 ]
 [ -396.80136108   709.79888916   123.2940979  ...   196.51139832
      5.92283058   -23.22389412]
 ...
 [ -534.47088623  -371.25341797  -731.05633545 ...   683.28063965
    463.02038574   813.91149902]
 [ -967.79943848  -296.77200317   415.1809082  ...  -358.0546875
   1113.14819336   236.10491943]
 [    4.32428265  -619.02935791   905.23583984 ... -1199.3581543
   -181.26089478   169.82078552]]
-----------------------
[[ 27.44936   33.96497    5.438055 ...  17.302538   8.464719  26.220413]
 [ 27.44936   33.96497    5.438055 ...  17.302538   8.464719  26.220413]
 [150.09265  129.40378   28.986053 ...  55.33031   43.887115  99.513435]
 ...
 [ 27.44936   33.96497    5.438055 ...  17.302538   8.464719  26.220413]
 [ 27.44936   33.96497    5.438055 ...  17.302538   8.464719  26.220413]
 [ 27.44936   33.96497    5.438055 ...  17.302538   8.464719  26.220413]]
('Norm: ', 1.003182552589776)
('Accuracy: ', 0.0852)
20
Extracting /tmp/data/train-images-idx3-ubyte.gz
Extracting /tmp/data/train-labels-idx1-ubyte.gz
Extracting /tmp/data/t10k-images-idx3-ubyte.gz
Extracting /tmp/data/t10k-labels-idx1-ubyte.gz
[[ -216.46377563  -505.14675903   166.85092163 ...  1224.45385742
    231.19075012    18.12016106]
 [  291.76168823    93.0434494   1332.86242676 ... -1866.54467773
    180.05368042 -1258.6796875 ]
 [ -396.80136108   709.79888916   123.2940979  ...   196.51139832
      5.92283058   -23.22389412]
 ...
 [ -534.47088623  -371.25341797  -731.05633545 ...   683.28063965
    463.02038574   813.91149902]
 [ -967.79943848  -296.77200317   415.1809082  ...  -358.0546875
   1113.14819336   236.10491943]
 [    4.32428265  -619.02935791   905.23583984 ... -1199.3581543
   -181.26089478   169.82078552]]
-----------------------
[[4525.909  4298.7876 3784.0923 ... 4519.8213 3111.0051 3163.389 ]
 [5699.59   4672.42   4782.971  ... 2574.3403 4091.012  3278.899 ]
 [3860.9392 4645.685  2761.0388 ... 3381.4897 3494.4434 3053.8916]
 ...
 [4035.119  3858.5195 2805.4573 ... 4931.6636 3839.5935 4705.8423]
 [3511.7908 3659.74   3647.1199 ... 3713.7788 4916.1294 4171.463 ]
 [6506.7197 4575.5146 4976.137  ... 4185.014  3303.7107 4613.256 ]]
('Norm: ', 5.680046083434568)
('Accuracy: ', 0.6024)
0
Extracting /tmp/data/train-images-idx3-ubyte.gz
Extracting /tmp/data/train-labels-idx1-ubyte.gz
Extracting /tmp/data/t10k-images-idx3-ubyte.gz
Extracting /tmp/data/t10k-labels-idx1-ubyte.gz
[[ -216.46377563  -505.14675903   166.85092163 ...  1224.45385742
    231.19075012    18.12016106]
 [  291.76168823    93.0434494   1332.86242676 ... -1866.54467773
    180.05368042 -1258.6796875 ]
 [ -396.80136108   709.79888916   123.2940979  ...   196.51139832
      5.92283058   -23.22389412]
 ...
 [ -534.47088623  -371.25341797  -731.05633545 ...   683.28063965
    463.02038574   813.91149902]
 [ -967.79943848  -296.77200317   415.1809082  ...  -358.0546875
   1113.14819336   236.10491943]
 [    4.32428265  -619.02935791   905.23583984 ... -1199.3581543
   -181.26089478   169.82078552]]
-----------------------
[[ -216.46378    -505.14676     166.85092   ...  1224.4539
    231.19075      18.120161 ]
 [  291.7617       93.04345    1332.8624    ... -1866.5447
    180.05368   -1258.6797   ]
 [ -396.80136     709.7989      123.2941    ...   196.5114
      5.9228306   -23.223894 ]
 ...
 [ -534.4709     -371.25342    -731.05634   ...   683.28064
    463.0204      813.9115   ]
 [ -967.79944    -296.772       415.1809    ...  -358.0547
   1113.1482      236.10492  ]
 [    4.3242826  -619.02936     905.23584   ... -1199.3582
   -181.2609      169.82079  ]]
('Norm: ', 0.0)
('Accuracy: ', 0.9003)
2
Extracting /tmp/data/train-images-idx3-ubyte.gz
Extracting /tmp/data/train-labels-idx1-ubyte.gz
Extracting /tmp/data/t10k-images-idx3-ubyte.gz
Extracting /tmp/data/t10k-labels-idx1-ubyte.gz
[[ -216.46377563  -505.14675903   166.85092163 ...  1224.45385742
    231.19075012    18.12016106]
 [  291.76168823    93.0434494   1332.86242676 ... -1866.54467773
    180.05368042 -1258.6796875 ]
 [ -396.80136108   709.79888916   123.2940979  ...   196.51139832
      5.92283058   -23.22389412]
 ...
 [ -534.47088623  -371.25341797  -731.05633545 ...   683.28063965
    463.02038574   813.91149902]
 [ -967.79943848  -296.77200317   415.1809082  ...  -358.0546875
   1113.14819336   236.10491943]
 [    4.32428265  -619.02935791   905.23583984 ... -1199.3581543
   -181.26089478   169.82078552]]
-----------------------
[[ -324.07043   -599.85626    276.23685  ...  1390.1787     152.34055
     53.093838]
 [  474.8543     212.81857   1673.1753   ... -1902.0557     327.6986
  -1005.5042  ]
 [ -419.52786    814.4062     285.11288  ...   294.33282     49.65538
    121.38237 ]
 ...
 [ -637.74756   -282.48904   -488.9824   ...   663.7764     587.21027
    932.9109  ]
 [-1071.2927     -96.229034   694.92944  ...  -194.17102   1028.2876
    470.53348 ]
 [  -64.841     -408.34674   1140.1078   ...  -995.02094    152.5238
    486.04886 ]]
('Norm: ', 0.24449639069988707)
('Accuracy: ', 0.8945)
4
Extracting /tmp/data/train-images-idx3-ubyte.gz
Extracting /tmp/data/train-labels-idx1-ubyte.gz
Extracting /tmp/data/t10k-images-idx3-ubyte.gz
Extracting /tmp/data/t10k-labels-idx1-ubyte.gz
[[ -216.46377563  -505.14675903   166.85092163 ...  1224.45385742
    231.19075012    18.12016106]
 [  291.76168823    93.0434494   1332.86242676 ... -1866.54467773
    180.05368042 -1258.6796875 ]
 [ -396.80136108   709.79888916   123.2940979  ...   196.51139832
      5.92283058   -23.22389412]
 ...
 [ -534.47088623  -371.25341797  -731.05633545 ...   683.28063965
    463.02038574   813.91149902]
 [ -967.79943848  -296.77200317   415.1809082  ...  -358.0546875
   1113.14819336   236.10491943]
 [    4.32428265  -619.02935791   905.23583984 ... -1199.3581543
   -181.26089478   169.82078552]]
-----------------------
[[ 492.18314  206.70409  312.699   ...  773.7515   354.65076  215.25964]
 [ 586.5318   895.1257  1002.5873  ... -362.5925   729.1505  -175.92345]
 [ 106.36516  713.31287  172.73767 ...  554.69617  469.69998  188.10612]
 ...
 [ 339.73007  373.48538   28.06345 ...  986.1346   752.4127   718.96466]
 [  82.29447   90.25498  361.45087 ...  206.13106 1313.7687   665.6442 ]
 [1087.3668   -94.86845 1147.5566  ...  138.69829   88.23472  590.2039 ]]
('Norm: ', 0.8457913515099903)
('Accuracy: ', 0.7484)
6
Extracting /tmp/data/train-images-idx3-ubyte.gz
Extracting /tmp/data/train-labels-idx1-ubyte.gz
Extracting /tmp/data/t10k-images-idx3-ubyte.gz
Extracting /tmp/data/t10k-labels-idx1-ubyte.gz
[[ -216.46377563  -505.14675903   166.85092163 ...  1224.45385742
    231.19075012    18.12016106]
 [  291.76168823    93.0434494   1332.86242676 ... -1866.54467773
    180.05368042 -1258.6796875 ]
 [ -396.80136108   709.79888916   123.2940979  ...   196.51139832
      5.92283058   -23.22389412]
 ...
 [ -534.47088623  -371.25341797  -731.05633545 ...   683.28063965
    463.02038574   813.91149902]
 [ -967.79943848  -296.77200317   415.1809082  ...  -358.0546875
   1113.14819336   236.10491943]
 [    4.32428265  -619.02935791   905.23583984 ... -1199.3581543
   -181.26089478   169.82078552]]
-----------------------
[[ 236.36581    91.06477   119.29291  ...  221.45786     6.627905
   -45.88018 ]
 [ -80.57109   373.44058   309.64523  ... -233.14256   347.09915
   -83.62593 ]
 [  37.515972  177.89969    11.045672 ...  227.1381    173.79642
   -51.04681 ]
 ...
 [  70.88902    65.55142   -87.04848  ...  353.23398   303.29736
   144.06865 ]
 [ -40.371223 -181.93008   -79.32556  ... -156.07268   614.0113
   190.08275 ]
 [ 464.45847  -251.66324   453.82428  ...  -23.462276 -103.06929
   292.5491  ]]
('Norm: ', 0.8436059049534299)
('Accuracy: ', 0.5416)
8
Extracting /tmp/data/train-images-idx3-ubyte.gz
Extracting /tmp/data/train-labels-idx1-ubyte.gz
Extracting /tmp/data/t10k-images-idx3-ubyte.gz
Extracting /tmp/data/t10k-labels-idx1-ubyte.gz
[[ -216.46377563  -505.14675903   166.85092163 ...  1224.45385742
    231.19075012    18.12016106]
 [  291.76168823    93.0434494   1332.86242676 ... -1866.54467773
    180.05368042 -1258.6796875 ]
 [ -396.80136108   709.79888916   123.2940979  ...   196.51139832
      5.92283058   -23.22389412]
 ...
 [ -534.47088623  -371.25341797  -731.05633545 ...   683.28063965
    463.02038574   813.91149902]
 [ -967.79943848  -296.77200317   415.1809082  ...  -358.0546875
   1113.14819336   236.10491943]
 [    4.32428265  -619.02935791   905.23583984 ... -1199.3581543
   -181.26089478   169.82078552]]
-----------------------
[[ -340.49664   232.95651  2539.4917  ...  5203.948    1089.4158
   2252.662  ]
 [ 2787.9026   4867.636    5163.98    ... -2648.9048    733.43646
  -2960.3477 ]
 [ -307.64758  2477.3923   1397.5461  ...   712.5537    440.8094
     81.97206]
 ...
 [ -471.17938  2737.6033   2266.24    ...  3940.8635   2708.828
   3962.3584 ]
 [  360.977    2850.9019   3243.9055  ...  1484.5746   3167.433
    162.90776]
 [ 4172.9937   2132.8247   5294.762   ...  2835.4863    887.0859
   3470.0188 ]]
('Norm: ', 3.269122767261122)
('Accuracy: ', 0.7499)
10
Extracting /tmp/data/train-images-idx3-ubyte.gz
Extracting /tmp/data/train-labels-idx1-ubyte.gz
Extracting /tmp/data/t10k-images-idx3-ubyte.gz
Extracting /tmp/data/t10k-labels-idx1-ubyte.gz
[[ -216.46377563  -505.14675903   166.85092163 ...  1224.45385742
    231.19075012    18.12016106]
 [  291.76168823    93.0434494   1332.86242676 ... -1866.54467773
    180.05368042 -1258.6796875 ]
 [ -396.80136108   709.79888916   123.2940979  ...   196.51139832
      5.92283058   -23.22389412]
 ...
 [ -534.47088623  -371.25341797  -731.05633545 ...   683.28063965
    463.02038574   813.91149902]
 [ -967.79943848  -296.77200317   415.1809082  ...  -358.0546875
   1113.14819336   236.10491943]
 [    4.32428265  -619.02935791   905.23583984 ... -1199.3581543
   -181.26089478   169.82078552]]
-----------------------
[[ 115.847275   44.814186  -13.841451 ...  129.24464   -71.640205
   -65.24843 ]
 [-169.34827    72.40738    88.00511  ... -178.85448   117.750984
   -62.845142]
 [  17.67543   -48.538776  -27.775234 ...   97.64244    53.951744
  -129.56697 ]
 ...
 [ -37.678516  -32.530777  -60.849743 ...  124.72425   103.452965
    25.479143]
 [ -93.39845  -390.83585  -227.99135  ... -252.73534   272.5311
    93.06732 ]
 [ 207.81522  -267.1262     99.838684 ...  -93.638275 -276.4337
   182.96605 ]]
('Norm: ', 0.9190442194191847)
('Accuracy: ', 0.3948)
12
Extracting /tmp/data/train-images-idx3-ubyte.gz
Extracting /tmp/data/train-labels-idx1-ubyte.gz
Extracting /tmp/data/t10k-images-idx3-ubyte.gz
Extracting /tmp/data/t10k-labels-idx1-ubyte.gz
[[ -216.46377563  -505.14675903   166.85092163 ...  1224.45385742
    231.19075012    18.12016106]
 [  291.76168823    93.0434494   1332.86242676 ... -1866.54467773
    180.05368042 -1258.6796875 ]
 [ -396.80136108   709.79888916   123.2940979  ...   196.51139832
      5.92283058   -23.22389412]
 ...
 [ -534.47088623  -371.25341797  -731.05633545 ...   683.28063965
    463.02038574   813.91149902]
 [ -967.79943848  -296.77200317   415.1809082  ...  -358.0546875
   1113.14819336   236.10491943]
 [    4.32428265  -619.02935791   905.23583984 ... -1199.3581543
   -181.26089478   169.82078552]]
-----------------------
[[-1559.7716   -2583.39     -1721.9347   ...   -58.904156 -1533.3721
  -1718.787   ]
 [-1856.1796   -3184.858    -1352.1233   ... -4908.0703   -2669.7114
  -4347.5537  ]
 [-1681.6183    -747.1214   -1627.8639   ... -1510.7272   -1298.2433
  -1706.2833  ]
 ...
 [-2487.054    -3035.735    -3380.1248   ... -1406.7306   -1750.533
  -1110.3712  ]
 [-2783.066    -2876.8452   -1628.7573   ... -2669.8286    -736.77783
  -1918.1925  ]
 [-2545.714    -4787.131    -2666.5784   ... -4606.7427   -3973.094
  -3195.525   ]]
('Norm: ', 3.163127177515738)
('Accuracy: ', 0.8513)
14
Extracting /tmp/data/train-images-idx3-ubyte.gz
Extracting /tmp/data/train-labels-idx1-ubyte.gz
Extracting /tmp/data/t10k-images-idx3-ubyte.gz
Extracting /tmp/data/t10k-labels-idx1-ubyte.gz
[[ -216.46377563  -505.14675903   166.85092163 ...  1224.45385742
    231.19075012    18.12016106]
 [  291.76168823    93.0434494   1332.86242676 ... -1866.54467773
    180.05368042 -1258.6796875 ]
 [ -396.80136108   709.79888916   123.2940979  ...   196.51139832
      5.92283058   -23.22389412]
 ...
 [ -534.47088623  -371.25341797  -731.05633545 ...   683.28063965
    463.02038574   813.91149902]
 [ -967.79943848  -296.77200317   415.1809082  ...  -358.0546875
   1113.14819336   236.10491943]
 [    4.32428265  -619.02935791   905.23583984 ... -1199.3581543
   -181.26089478   169.82078552]]
-----------------------
[[ -1214.8553   -4605.8374   -4685.2754  ...  -1183.7502   -5865.258
   -3529.8574 ]
 [  -197.6352   -6014.8154   -6713.6157  ... -10452.21     -9506.282
   -9573.01   ]
 [ -1063.4067   -1019.42755  -3793.7595  ...  -3389.8647   -3471.7979
   -3329.6057 ]
 ...
 [ -2402.9946   -5097.8193   -8385.629   ...  -3856.9038   -5835.2954
   -3169.1665 ]
 [ -2433.987    -5284.363    -5998.7017  ...  -5230.301    -4440.1553
   -5806.5957 ]
 [   -33.5827   -8322.799   -11377.691   ...  -9243.0625  -12026.565
   -8691.302  ]]
('Norm: ', 7.58564034418298)
('Accuracy: ', 0.3346)
16
Extracting /tmp/data/train-images-idx3-ubyte.gz
Extracting /tmp/data/train-labels-idx1-ubyte.gz
Extracting /tmp/data/t10k-images-idx3-ubyte.gz
Extracting /tmp/data/t10k-labels-idx1-ubyte.gz
[[ -216.46377563  -505.14675903   166.85092163 ...  1224.45385742
    231.19075012    18.12016106]
 [  291.76168823    93.0434494   1332.86242676 ... -1866.54467773
    180.05368042 -1258.6796875 ]
 [ -396.80136108   709.79888916   123.2940979  ...   196.51139832
      5.92283058   -23.22389412]
 ...
 [ -534.47088623  -371.25341797  -731.05633545 ...   683.28063965
    463.02038574   813.91149902]
 [ -967.79943848  -296.77200317   415.1809082  ...  -358.0546875
   1113.14819336   236.10491943]
 [    4.32428265  -619.02935791   905.23583984 ... -1199.3581543
   -181.26089478   169.82078552]]
-----------------------
[[  -59.684193  -274.27823   -222.67426  ...   -46.645237  -313.73022
   -269.7408  ]
 [ -685.80646   -173.92526   -159.83142  ...  -989.5547     -91.4644
   -688.3781  ]
 [ -321.96246   -216.001     -326.85153  ...  -150.19472   -236.51666
   -425.88257 ]
 ...
 [ -491.79898   -684.53424   -701.46313  ...  -239.33224   -362.99307
   -461.13007 ]
 [ -744.0205    -706.01904   -817.1002   ...  -794.61475   -114.7959
   -508.7783  ]
 [ -305.02423  -1114.5084     -25.03384  ...  -783.9156    -762.7869
   -564.24347 ]]
('Norm: ', 0.9975463381644863)
('Accuracy: ', 0.5645)
18
Extracting /tmp/data/train-images-idx3-ubyte.gz
Extracting /tmp/data/train-labels-idx1-ubyte.gz
Extracting /tmp/data/t10k-images-idx3-ubyte.gz
Extracting /tmp/data/t10k-labels-idx1-ubyte.gz
[[ -216.46377563  -505.14675903   166.85092163 ...  1224.45385742
    231.19075012    18.12016106]
 [  291.76168823    93.0434494   1332.86242676 ... -1866.54467773
    180.05368042 -1258.6796875 ]
 [ -396.80136108   709.79888916   123.2940979  ...   196.51139832
      5.92283058   -23.22389412]
 ...
 [ -534.47088623  -371.25341797  -731.05633545 ...   683.28063965
    463.02038574   813.91149902]
 [ -967.79943848  -296.77200317   415.1809082  ...  -358.0546875
   1113.14819336   236.10491943]
 [    4.32428265  -619.02935791   905.23583984 ... -1199.3581543
   -181.26089478   169.82078552]]
-----------------------
[[ 10.66396    15.392966   -9.29942   ...   1.9076996  -7.1337395
    9.240135 ]
 [ 10.66396    15.392966   -9.29942   ...   1.9076996  -7.1337395
    9.240135 ]
 [ 83.39376    37.29912   -48.13728   ... -44.46374     6.5853825
   38.75383  ]
 ...
 [ 10.66396    15.392966   -9.29942   ...   1.9076996  -7.1337395
    9.240135 ]
 [  4.8551893  16.64481   -49.756332  ...  43.64394    -4.509411
   64.316895 ]
 [ 10.66396    15.392966   -9.29942   ...   1.9076996  -7.1337395
    9.240135 ]]
('Norm: ', 1.0010116851372282)
('Accuracy: ', 0.1314)
20
Extracting /tmp/data/train-images-idx3-ubyte.gz
Extracting /tmp/data/train-labels-idx1-ubyte.gz
Extracting /tmp/data/t10k-images-idx3-ubyte.gz
Extracting /tmp/data/t10k-labels-idx1-ubyte.gz
[[ -216.46377563  -505.14675903   166.85092163 ...  1224.45385742
    231.19075012    18.12016106]
 [  291.76168823    93.0434494   1332.86242676 ... -1866.54467773
    180.05368042 -1258.6796875 ]
 [ -396.80136108   709.79888916   123.2940979  ...   196.51139832
      5.92283058   -23.22389412]
 ...
 [ -534.47088623  -371.25341797  -731.05633545 ...   683.28063965
    463.02038574   813.91149902]
 [ -967.79943848  -296.77200317   415.1809082  ...  -358.0546875
   1113.14819336   236.10491943]
 [    4.32428265  -619.02935791   905.23583984 ... -1199.3581543
   -181.26089478   169.82078552]]
-----------------------
[[ 3.0829565e+02  2.6581250e+02  1.4249274e+02 ...  3.4399380e+02
  -4.7583630e+02 -2.4614050e+02]
 [ 3.3774561e+02  1.4294154e+02  1.6651788e+02 ... -3.3310678e+02
   5.1816940e-02 -1.2868217e+02]
 [ 1.5107652e+02  4.5205774e+02 -5.7340125e+02 ...  3.0580875e+01
   2.4098582e+02 -6.2767323e+01]
 ...
 [ 7.3665527e+01  1.0298568e+02 -2.7630893e+02 ...  3.6859787e+02
   2.8303979e+02  4.3934344e+02]
 [ 1.4484076e+02 -2.7389993e+02 -2.8402606e+02 ...  1.4449101e+02
   4.6579208e+02  4.9748190e+02]
 [ 5.6465875e+02 -1.4765186e+02 -1.1245065e+01 ...  2.8862064e+01
  -4.9162045e+02  7.8129288e+01]]
('Norm: ', 0.9252304036811159)
('Accuracy: ', 0.3812)
0
Extracting /tmp/data/train-images-idx3-ubyte.gz
Extracting /tmp/data/train-labels-idx1-ubyte.gz
Extracting /tmp/data/t10k-images-idx3-ubyte.gz
Extracting /tmp/data/t10k-labels-idx1-ubyte.gz
[[ -216.46377563  -505.14675903   166.85092163 ...  1224.45385742
    231.19075012    18.12016106]
 [  291.76168823    93.0434494   1332.86242676 ... -1866.54467773
    180.05368042 -1258.6796875 ]
 [ -396.80136108   709.79888916   123.2940979  ...   196.51139832
      5.92283058   -23.22389412]
 ...
 [ -534.47088623  -371.25341797  -731.05633545 ...   683.28063965
    463.02038574   813.91149902]
 [ -967.79943848  -296.77200317   415.1809082  ...  -358.0546875
   1113.14819336   236.10491943]
 [    4.32428265  -619.02935791   905.23583984 ... -1199.3581543
   -181.26089478   169.82078552]]
-----------------------
[[ -216.46378    -505.14676     166.85092   ...  1224.4539
    231.19075      18.120161 ]
 [  291.7617       93.04345    1332.8624    ... -1866.5447
    180.05368   -1258.6797   ]
 [ -396.80136     709.7989      123.2941    ...   196.5114
      5.9228306   -23.223894 ]
 ...
 [ -534.4709     -371.25342    -731.05634   ...   683.28064
    463.0204      813.9115   ]
 [ -967.79944    -296.772       415.1809    ...  -358.0547
   1113.1482      236.10492  ]
 [    4.3242826  -619.02936     905.23584   ... -1199.3582
   -181.2609      169.82079  ]]
('Norm: ', 0.0)
('Accuracy: ', 0.9003)
2
Extracting /tmp/data/train-images-idx3-ubyte.gz
Extracting /tmp/data/train-labels-idx1-ubyte.gz
Extracting /tmp/data/t10k-images-idx3-ubyte.gz
Extracting /tmp/data/t10k-labels-idx1-ubyte.gz
[[ -216.46377563  -505.14675903   166.85092163 ...  1224.45385742
    231.19075012    18.12016106]
 [  291.76168823    93.0434494   1332.86242676 ... -1866.54467773
    180.05368042 -1258.6796875 ]
 [ -396.80136108   709.79888916   123.2940979  ...   196.51139832
      5.92283058   -23.22389412]
 ...
 [ -534.47088623  -371.25341797  -731.05633545 ...   683.28063965
    463.02038574   813.91149902]
 [ -967.79943848  -296.77200317   415.1809082  ...  -358.0546875
   1113.14819336   236.10491943]
 [    4.32428265  -619.02935791   905.23583984 ... -1199.3581543
   -181.26089478   169.82078552]]
-----------------------
[[ -149.09041   -480.63608     33.429295 ...   671.84705     44.411156
    -91.66064 ]
 [ -162.43022     73.99558    804.8207   ... -1566.6307     151.60498
   -952.3919  ]
 [ -333.41516    371.37515    -16.285915 ...   200.9391     -37.236473
    -45.31838 ]
 ...
 [ -611.8466    -521.62604   -675.85944  ...   402.84085    157.35654
    206.02937 ]
 [ -802.27893   -221.50781    -15.791623 ...  -422.04947    726.96454
    155.1076  ]
 [ -112.68826   -729.123      775.08777  ... -1171.7229    -338.53152
    -94.87166 ]]
('Norm: ', 0.3946237728150728)
('Accuracy: ', 0.859)
4
Extracting /tmp/data/train-images-idx3-ubyte.gz
Extracting /tmp/data/train-labels-idx1-ubyte.gz
Extracting /tmp/data/t10k-images-idx3-ubyte.gz
Extracting /tmp/data/t10k-labels-idx1-ubyte.gz
[[ -216.46377563  -505.14675903   166.85092163 ...  1224.45385742
    231.19075012    18.12016106]
 [  291.76168823    93.0434494   1332.86242676 ... -1866.54467773
    180.05368042 -1258.6796875 ]
 [ -396.80136108   709.79888916   123.2940979  ...   196.51139832
      5.92283058   -23.22389412]
 ...
 [ -534.47088623  -371.25341797  -731.05633545 ...   683.28063965
    463.02038574   813.91149902]
 [ -967.79943848  -296.77200317   415.1809082  ...  -358.0546875
   1113.14819336   236.10491943]
 [    4.32428265  -619.02935791   905.23583984 ... -1199.3581543
   -181.26089478   169.82078552]]
-----------------------
[[-1971.9241   -2689.5027    -953.6589   ...  1720.4097   -1743.0858
   -690.31195 ]
 [ -874.4836   -1857.0688    -543.8009   ... -6476.176    -3661.7725
  -5954.0713  ]
 [-1320.2904     242.92441   -935.9447   ... -1169.4641    -862.22595
  -1689.5475  ]
 ...
 [-3228.549    -2645.7202   -2712.8093   ...  -663.0247   -1456.6151
     54.66807 ]
 [-2744.2593   -2528.3257    -914.16895  ... -2328.7993      11.395971
  -2548.044   ]
 [ -852.6757   -5452.8574   -2412.0886   ... -4381.127    -5120.495
  -2786.518   ]]
('Norm: ', 2.9997129401138656)
('Accuracy: ', 0.7987)
6
Extracting /tmp/data/train-images-idx3-ubyte.gz
Extracting /tmp/data/train-labels-idx1-ubyte.gz
Extracting /tmp/data/t10k-images-idx3-ubyte.gz
Extracting /tmp/data/t10k-labels-idx1-ubyte.gz
[[ -216.46377563  -505.14675903   166.85092163 ...  1224.45385742
    231.19075012    18.12016106]
 [  291.76168823    93.0434494   1332.86242676 ... -1866.54467773
    180.05368042 -1258.6796875 ]
 [ -396.80136108   709.79888916   123.2940979  ...   196.51139832
      5.92283058   -23.22389412]
 ...
 [ -534.47088623  -371.25341797  -731.05633545 ...   683.28063965
    463.02038574   813.91149902]
 [ -967.79943848  -296.77200317   415.1809082  ...  -358.0546875
   1113.14819336   236.10491943]
 [    4.32428265  -619.02935791   905.23583984 ... -1199.3581543
   -181.26089478   169.82078552]]
-----------------------
[[    3.795825  -247.79015     61.336674 ...   470.17       -10.086405
   -108.734024]
 [ -218.13295    199.4396     560.7856   ... -1143.1198     124.25909
   -578.9093  ]
 [ -208.3755     281.30005    -40.272854 ...   221.62947     17.461233
    -20.286959]
 ...
 [ -398.2874    -421.63358   -437.1026   ...   386.35596     68.2913
    159.7499  ]
 [ -578.6419     -62.189396    -5.318265 ...  -248.38924    705.2653
    172.38808 ]
 [  -48.00503   -421.41702    717.539    ...  -818.8965    -145.50922
     21.909285]]
('Norm: ', 0.5484582037948387)
('Accuracy: ', 0.7922)
8
Extracting /tmp/data/train-images-idx3-ubyte.gz
Extracting /tmp/data/train-labels-idx1-ubyte.gz
Extracting /tmp/data/t10k-images-idx3-ubyte.gz
Extracting /tmp/data/t10k-labels-idx1-ubyte.gz
[[ -216.46377563  -505.14675903   166.85092163 ...  1224.45385742
    231.19075012    18.12016106]
 [  291.76168823    93.0434494   1332.86242676 ... -1866.54467773
    180.05368042 -1258.6796875 ]
 [ -396.80136108   709.79888916   123.2940979  ...   196.51139832
      5.92283058   -23.22389412]
 ...
 [ -534.47088623  -371.25341797  -731.05633545 ...   683.28063965
    463.02038574   813.91149902]
 [ -967.79943848  -296.77200317   415.1809082  ...  -358.0546875
   1113.14819336   236.10491943]
 [    4.32428265  -619.02935791   905.23583984 ... -1199.3581543
   -181.26089478   169.82078552]]
-----------------------
[[ -213.67212    440.81375   2646.218    ...  4286.7       1277.1542
   1883.923   ]
 [ 2372.6497    4683.5576    5843.1665   ... -1044.5419    2117.2097
    -60.836628]
 [ -222.92316   2123.7952    1742.6632   ...  1427.0066     767.71674
   1225.8744  ]
 ...
 [ -836.2526    2559.5896    2587.6882   ...  3190.107     2905.846
   4153.6665  ]
 [ -296.46442   2971.7078    4417.277    ...  1841.624     3087.7974
   2332.2517  ]
 [ 1566.6913    3503.1423    6021.5176   ...  3262.3538    3199.4753
   4610.8477  ]]
('Norm: ', 3.3034600193238206)
('Accuracy: ', 0.6566)
10
Extracting /tmp/data/train-images-idx3-ubyte.gz
Extracting /tmp/data/train-labels-idx1-ubyte.gz
Extracting /tmp/data/t10k-images-idx3-ubyte.gz
Extracting /tmp/data/t10k-labels-idx1-ubyte.gz
[[ -216.46377563  -505.14675903   166.85092163 ...  1224.45385742
    231.19075012    18.12016106]
 [  291.76168823    93.0434494   1332.86242676 ... -1866.54467773
    180.05368042 -1258.6796875 ]
 [ -396.80136108   709.79888916   123.2940979  ...   196.51139832
      5.92283058   -23.22389412]
 ...
 [ -534.47088623  -371.25341797  -731.05633545 ...   683.28063965
    463.02038574   813.91149902]
 [ -967.79943848  -296.77200317   415.1809082  ...  -358.0546875
   1113.14819336   236.10491943]
 [    4.32428265  -619.02935791   905.23583984 ... -1199.3581543
   -181.26089478   169.82078552]]
-----------------------
[[3059.4834  1939.1866  1611.0623  ... 3035.9978   718.02014 1538.2115 ]
 [4607.5225  1596.9789  1888.1776  ... -966.3516   470.54718 -111.26253]
 [2220.5574  2672.096    579.73035 ...  915.3681   986.9942  1003.746  ]
 ...
 [2961.6038  1754.6584   462.66074 ... 2932.761   2024.0677  3373.251  ]
 [2090.5537  1558.0912  1533.7118  ... 1619.4816  3042.403   1877.2686 ]
 [5894.1646  2559.8472  1969.2218  ... 1303.4292   740.446   1900.6543 ]]
('Norm: ', 3.044830087709838)
('Accuracy: ', 0.5461)
12
Extracting /tmp/data/train-images-idx3-ubyte.gz
Extracting /tmp/data/train-labels-idx1-ubyte.gz
Extracting /tmp/data/t10k-images-idx3-ubyte.gz
Extracting /tmp/data/t10k-labels-idx1-ubyte.gz
[[ -216.46377563  -505.14675903   166.85092163 ...  1224.45385742
    231.19075012    18.12016106]
 [  291.76168823    93.0434494   1332.86242676 ... -1866.54467773
    180.05368042 -1258.6796875 ]
 [ -396.80136108   709.79888916   123.2940979  ...   196.51139832
      5.92283058   -23.22389412]
 ...
 [ -534.47088623  -371.25341797  -731.05633545 ...   683.28063965
    463.02038574   813.91149902]
 [ -967.79943848  -296.77200317   415.1809082  ...  -358.0546875
   1113.14819336   236.10491943]
 [    4.32428265  -619.02935791   905.23583984 ... -1199.3581543
   -181.26089478   169.82078552]]
-----------------------
[[1760.2274  1196.7115  1707.4445  ... 3079.2166  1673.373   1259.1378 ]
 [3064.8958  1886.3274  3094.557   ... -374.15515 1593.0068   110.47966]
 [ 907.06244 2208.0144   991.26965 ... 1110.6274  1232.9182   676.83704]
 ...
 [1662.6466  1622.2141   658.319   ... 2988.8887  2259.907   3044.5498 ]
 [ 997.3392  1045.5941  2291.2368  ... 1419.8057  3168.0356  1828.7368 ]
 [3633.1848  1756.1891  3010.229   ... 1188.2585  1649.733   2323.6665 ]]
('Norm: ', 2.543115287164621)
('Accuracy: ', 0.8497)
14
