-6.032003164291381836e-01, 7.555360198020935059e-01, -9.705640077590942383e-01, 1.447755932807922363e+00, 1.499591946601867676e+00, 2.633658982813358307e-02, -1.429498076438903809e+00, 1.448007225990295410e+00, -4.329596180468797684e-03, 2.086854353547096252e-02
6.282719224691390991e-02, 4.922359883785247803e-01, 2.983698248863220215e-01, -3.175930976867675781e-01, 1.059162020683288574e+00, -2.540514230728149414e+00, -1.123149469494819641e-01, -1.448716163635253906e+00, 1.750363260507583618e-01, -8.740375638008117676e-01
2.982152998447418213e-01, 8.343207836151123047e-01, -2.163148075342178345e-01, -1.365674734115600586e+00, -1.242176890373229980e+00, 8.712842464447021484e-01, 3.508003056049346924e-01, -1.581947445869445801e+00, -1.085626006126403809e+00, -6.531578302383422852e-01
-1.436217784881591797e+00, -6.564090251922607422e-01, -2.930787801742553711e-01, -3.857306763529777527e-02, -2.610622406005859375e+00, -1.924818754196166992e-01, 6.683861613273620605e-01, -4.829547405242919922e-01, 6.455757021903991699e-01, -8.615905046463012695e-01
1.241872429847717285e+00, 4.632429778575897217e-01, 2.611034810543060303e-01, 6.978806853294372559e-01, -1.759101301431655884e-01, -2.997710406780242920e-01, 4.150591492652893066e-01, -7.880769968032836914e-01, 1.840298533439636230e+00, 7.251816987991333008e-01
7.554262876510620117e-01, -1.870535612106323242e+00, -5.473105907440185547e-01, 5.147432088851928711e-01, -2.436224669218063354e-01, -5.150860548019409180e-01, -2.856437563896179199e-01, 9.483373761177062988e-01, -7.893369793891906738e-01, -6.062355637550354004e-01
3.984826505184173584e-01, 1.073563694953918457e+00, 1.425715535879135132e-01, -5.719121694564819336e-01, -1.514864683151245117e+00, 2.845582067966461182e-01, 1.509832501411437988e+00, 4.817943274974822998e-01, -5.398184061050415039e-01, 3.230620920658111572e-01
-3.719902336597442627e-01, 1.641787141561508179e-01, 3.850984871387481689e-01, -8.076920360326766968e-02, -7.626146674156188965e-01, 9.715220928192138672e-01, 6.550583839416503906e-01, -2.401029914617538452e-01, -1.974057555198669434e-01, -2.664959132671356201e-01
-7.698538899421691895e-01, -5.696004033088684082e-01, 5.041618943214416504e-01, -6.461886763572692871e-01, -5.566548705101013184e-01, -1.056470632553100586e+00, -9.114162325859069824e-01, -3.161802887916564941e-01, -2.124265879392623901e-01, -4.375832676887512207e-01
-1.484663128852844238e+00, -1.675931811332702637e+00, -1.416718661785125732e-01, -1.705401420593261719e+00, 3.380447030067443848e-01, -1.331586122512817383e+00, 2.725648880004882812e-01, -1.908205866813659668e+00, -3.776800632476806641e-01, 1.020931363105773926e+00
-1.710417509078979492e+00, -5.012871026992797852e-01, 9.257841855287551880e-02, 5.784906744956970215e-01, -1.899471163749694824e+00, 6.364094614982604980e-01, 5.781167373061180115e-02, -1.155396461486816406e+00, -1.233698964118957520e+00, -1.003286719322204590e+00
-6.975877285003662109e-01, 8.652127981185913086e-01, 1.477139115333557129e+00, -1.962781250476837158e-01, 8.937150239944458008e-02, -2.181072950363159180e+00, 1.481905877590179443e-01, 4.760833680629730225e-01, -4.971822500228881836e-01, 6.421238183975219727e-01
-1.768418401479721069e-01, -1.188626527786254883e+00, 3.582391738891601562e-01, -6.644150614738464355e-02, 1.849132061004638672e+00, -1.113626003265380859e+00, -3.604802787303924561e-01, 1.015500068664550781e+00, -2.847721576690673828e-01, 1.008192658424377441e+00
-1.862603425979614258e+00, 1.105383634567260742e-01, -7.443870902061462402e-01, 1.460283041000366211e+00, -4.831349551677703857e-01, -3.311250209808349609e-01, 6.658315658569335938e-01, 9.715522825717926025e-02, 1.029331088066101074e+00, -1.042819470167160034e-01
2.958072125911712646e-01, -8.552862405776977539e-01, -7.934350967407226562e-01, -5.296505093574523926e-01, -3.758535087108612061e-01, -1.842584848403930664e+00, -1.055228471755981445e+00, 2.909661829471588135e-01, -6.474692225456237793e-01, -3.266406655311584473e-01
-2.328014969825744629e-01, -1.071085259318351746e-01, 2.127202749252319336e+00, 1.173907399177551270e+00, -2.057244181632995605e-01, 3.781759366393089294e-02, -3.060972690582275391e-01, -6.865581870079040527e-01, 2.401534914970397949e-01, -6.002283468842506409e-02
-3.703736960887908936e-01, -7.177731394767761230e-01, -8.635545372962951660e-01, -8.396631479263305664e-01, 1.096758961677551270e+00, -1.568539291620254517e-01, -4.334676563739776611e-01, -7.669775485992431641e-01, -2.567673325538635254e-01, 1.533914089202880859e+00
-3.886252343654632568e-01, -1.709182858467102051e+00, -7.433488965034484863e-01, 5.746625065803527832e-01, 3.721289038658142090e-01, 2.892319858074188232e-01, 2.562026977539062500e+00, 4.840006232261657715e-01, -3.168444037437438965e-01, -2.685665190219879150e-01
3.612093031406402588e-01, -2.170844227075576782e-01, 3.476896788924932480e-03, -2.162335366010665894e-01, -9.526976384222507477e-03, 1.268756270408630371e+00, 1.415846586227416992e+00, -1.310190439224243164e+00, 1.333908081054687500e+00, -1.117802500724792480e+00
-1.406940102577209473e+00, 2.726744711399078369e-01, 1.664391160011291504e-01, 2.238669097423553467e-01, 3.654440864920616150e-02, -1.045983910560607910e+00, 6.065003275871276855e-01, 5.817765593528747559e-01, -4.410060644149780273e-01, 1.089092612266540527e+00
4.870651066303253174e-01, 9.892297983169555664e-01, -4.098189771175384521e-01, -1.518625468015670776e-01, 1.530646800994873047e+00, -5.933376550674438477e-01, -3.061001896858215332e-01, -8.814954757690429688e-01, -1.592193916440010071e-02, -4.743710160255432129e-01
-1.334147810935974121e+00, -1.425955057144165039e+00, -3.759472966194152832e-01, -2.856256067752838135e-01, -1.110440373420715332e+00, 1.369284510612487793e+00, -1.510304450988769531e+00, -1.845831871032714844e+00, -1.971570491790771484e+00, 7.263587117195129395e-01
-3.212369680404663086e-01, 6.146421432495117188e-01, -7.757382839918136597e-02, -1.028786897659301758e+00, 2.624525725841522217e-01, 1.006456539034843445e-01, 4.359705746173858643e-01, -5.697000622749328613e-01, 5.853095650672912598e-01, -1.679002642631530762e+00
2.482490539550781250e-01, 1.085070133209228516e+00, 6.011578440666198730e-01, 8.441560268402099609e-01, -1.408074736595153809e+00, 2.418628633022308350e-01, 6.009380221366882324e-01, -7.185204625129699707e-01, -5.333022475242614746e-01, 9.642637372016906738e-01
-6.568325757980346680e-01, -2.523751370608806610e-02, -1.994872093200683594e-01, 4.040688872337341309e-01, 1.382873207330703735e-01, 3.535548448562622070e-01, 1.321621298789978027e+00, 2.198128700256347656e-01, 1.732349023222923279e-02, 1.596543073654174805e+00
1.246479153633117676e+00, -3.889607638120651245e-02, -4.262586534023284912e-01, -9.456791877746582031e-01, -4.146098196506500244e-01, 1.382055521011352539e+00, -1.366877555847167969e+00, 8.629810810089111328e-01, 8.892210572957992554e-02, -9.756001085042953491e-02
-9.068831205368041992e-01, 4.973662197589874268e-01, 6.979817152023315430e-02, -3.758072555065155029e-01, 8.633716702461242676e-01, -1.834811121225357056e-01, 4.042697325348854065e-02, 1.298182368278503418e+00, 1.234726309776306152e+00, 3.101193308830261230e-01
-1.074088096618652344e+00, 3.950767815113067627e-01, -1.455907702445983887e+00, 1.530427575111389160e+00, -1.020900845527648926e+00, 3.661644160747528076e-01, 8.009597063064575195e-01, 5.707633495330810547e-01, -1.394222527742385864e-01, -4.373154342174530029e-01
-1.881049990653991699e+00, 8.431947976350784302e-02, 1.295201897621154785e+00, -6.449130773544311523e-01, -4.263527989387512207e-01, 5.252987742424011230e-01, 5.356603264808654785e-01, -2.284783422946929932e-01, 8.759295940399169922e-02, 6.600376367568969727e-01
8.071904182434082031e-01, -9.102688729763031006e-02, -7.919302582740783691e-01, -6.301125884056091309e-01, 1.380055904388427734e+00, -4.355799555778503418e-01, -1.243743896484375000e+00, 7.615088224411010742e-01, 6.911416351795196533e-02, -7.063816487789154053e-02
5.065000057220458984e-01, -1.869251132011413574e-01, -5.262274146080017090e-01, 3.740887343883514404e-01, 2.513317167758941650e-01, -1.028443098068237305e+00, 4.798683226108551025e-01, -4.752492010593414307e-01, -3.700386285781860352e-01, 3.719620704650878906e-01
-7.001493871212005615e-02, -4.129768013954162598e-01, 9.696999192237854004e-01, 9.030233025550842285e-01, -4.595970809459686279e-01, 1.625428199768066406e+00, -3.675908222794532776e-02, -8.017975687980651855e-01, 2.637150883674621582e-02, -2.933469712734222412e-01
-7.424641847610473633e-01, -8.656886219978332520e-01, -5.222886204719543457e-01, -8.278352022171020508e-01, -3.150310814380645752e-01, -6.229261159896850586e-01, -2.718940973281860352e-01, 6.789184808731079102e-01, 5.555981025099754333e-02, 8.932447433471679688e-01
2.235049754381179810e-01, -6.675261259078979492e-01, 3.338374793529510498e-01, 2.589691877365112305e+00, 1.757157295942306519e-01, -3.240743651986122131e-02, -1.728508591651916504e+00, 6.821139156818389893e-02, -9.031913876533508301e-01, 1.330490469932556152e+00
-3.885330557823181152e-01, -4.404697418212890625e-01, -5.356788039207458496e-01, -1.781001448631286621e+00, -2.087800800800323486e-01, 1.034631609916687012e+00, -1.184227410703897476e-02, -5.809338688850402832e-01, -4.515409469604492188e-01, -1.516529917716979980e+00
4.843899607658386230e-01, -1.431415975093841553e-01, 1.722225427627563477e+00, -7.396461069583892822e-02, 2.896315790712833405e-02, 3.209779858589172363e-01, -1.906993836164474487e-01, 1.923774629831314087e-01, -8.391687273979187012e-01, 8.585910201072692871e-01
6.648584008216857910e-01, 1.294046044349670410e+00, 4.782909154891967773e-01, 7.335752248764038086e-01, -4.839391447603702545e-03, -2.168327718973159790e-01, -2.734533697366714478e-02, -8.151317834854125977e-01, 7.888633608818054199e-01, 8.358369469642639160e-01
1.717063337564468384e-01, -4.648086726665496826e-01, 3.983902335166931152e-01, 4.464989006519317627e-01, -1.540763497352600098e+00, 7.115234732627868652e-01, 1.468057781457901001e-01, 2.281435251235961914e+00, 1.490894854068756104e-01, 8.501824140548706055e-01
7.016073167324066162e-02, -8.793635964393615723e-01, -7.548682689666748047e-01, 1.885404586791992188e-01, -5.626393556594848633e-01, 7.707120180130004883e-01, 7.893943786621093750e-01, -8.732390403747558594e-01, 1.386991500854492188e+00, 4.650916531682014465e-02
-5.796579718589782715e-01, -3.788788616657257080e-01, 1.453638076782226562e-01, -7.355875968933105469e-01, 1.024568557739257812e+00, -9.932045340538024902e-01, 4.540822803974151611e-01, 2.446267604827880859e-01, 1.217313766479492188e+00, 4.292040765285491943e-01
-9.506197571754455566e-01, -1.331661343574523926e+00, 3.769856989383697510e-01, 2.140828222036361694e-01, -1.532153189182281494e-01, -1.355355884879827499e-02, -5.716777443885803223e-01, 5.052598118782043457e-01, 4.953494369983673096e-01, -8.809723258018493652e-01
-7.973082661628723145e-01, -1.081011444330215454e-01, 6.440333276987075806e-02, 1.248629212379455566e+00, -3.847143948078155518e-01, -4.914329051971435547e-01, -2.009032487869262695e+00, -8.165375590324401855e-01, -1.333224773406982422e-01, 3.816292881965637207e-01
-2.830334305763244629e-01, -4.403854608535766602e-01, -6.482728719711303711e-01, 3.828572630882263184e-01, -5.796344578266143799e-02, -9.268059730529785156e-01, 2.283802628517150879e-01, 1.259852290153503418e+00, 2.260941267013549805e-01, 1.830360412597656250e+00
5.351166129112243652e-01, -2.089646577835083008e+00, -3.489921092987060547e-01, 9.802656769752502441e-01, 8.097040653228759766e-01, 7.473996281623840332e-01, 8.414205908775329590e-01, -3.048502504825592041e-01, 1.788944125175476074e+00, -7.275035232305526733e-02
5.156600475311279297e-01, 6.147385239601135254e-01, 1.263977289199829102e+00, 5.288342833518981934e-01, 5.742924287915229797e-03, 1.775174379348754883e+00, -1.169541329145431519e-01, -7.448486983776092529e-02, 1.314488530158996582e+00, -1.220158934593200684e+00
1.651944369077682495e-01, 1.344895064830780029e-01, 3.002159297466278076e-02, 5.975683331489562988e-01, 1.444337010383605957e+00, -5.132175087928771973e-01, -5.555872917175292969e-01, 6.783887147903442383e-01, 1.155870318412780762e+00, 2.203126192092895508e+00
-7.355957627296447754e-01, 1.913367152214050293e+00, -2.980957031250000000e-01, 9.284607172012329102e-01, 6.619514226913452148e-01, -7.735501527786254883e-01, 1.561361789703369141e+00, -2.345708608627319336e+00, 3.950856924057006836e-01, 1.373158097267150879e+00
7.079444527626037598e-01, -7.058551907539367676e-01, -7.551570534706115723e-01, 6.441593766212463379e-01, -1.866244316101074219e+00, -5.209699869155883789e-01, 1.690618753433227539e+00, 1.850720494985580444e-02, 4.907776713371276855e-01, 2.703798115253448486e-01
-2.459187746047973633e+00, 2.483305692672729492e+00, -7.264861464500427246e-01, -8.708459734916687012e-01, -8.219525218009948730e-01, 2.020688056945800781e+00, 6.228381991386413574e-01, -2.609910666942596436e-01, 6.684941053390502930e-01, 1.493077278137207031e+00
9.149630069732666016e-01, -1.345896720886230469e-01, -4.428267180919647217e-01, 7.665299177169799805e-01, 7.394758611917495728e-02, 3.181548416614532471e-01, 5.708457827568054199e-01, -1.951027512550354004e-01, -6.783127784729003906e-01, 5.145320892333984375e-01
-9.948115944862365723e-01, -7.001492977142333984e-01, 3.726136982440948486e-01, 6.517429649829864502e-02, -9.962092638015747070e-01, -1.275622844696044922e+00, 7.161339521408081055e-01, -1.666629076004028320e+00, 1.198374986648559570e+00, 1.017050504684448242e+00
1.087852239608764648e+00, 1.774152368307113647e-01, -8.284067362546920776e-02, -7.671700119972229004e-01, -6.662670373916625977e-01, 1.575218319892883301e+00, 1.277151107788085938e+00, 8.478890657424926758e-01, -8.173014521598815918e-01, 1.123053908348083496e+00
2.190105766057968140e-01, 1.614317536354064941e+00, 6.759067773818969727e-01, -9.653032422065734863e-01, 1.438948661088943481e-01, 1.859305948019027710e-01, 1.524546980857849121e+00, -6.015493869781494141e-01, -7.383743673563003540e-02, 1.077786087989807129e+00
7.857350707054138184e-01, 5.609605908393859863e-01, -1.021608561277389526e-01, 4.424474835395812988e-01, -1.260831594467163086e+00, -3.131502866744995117e-01, 4.223563075065612793e-01, 6.574942469596862793e-01, -3.618052005767822266e-01, -1.099568009376525879e+00
4.579167366027832031e-01, -1.030191302299499512e+00, 6.358059048652648926e-01, -3.718158304691314697e-01, 4.189824759960174561e-01, -6.041595339775085449e-01, -6.872688531875610352e-01, -4.047640264034271240e-01, -1.990344047546386719e+00, 1.153122633695602417e-02
1.884631872177124023e+00, 5.945104956626892090e-01, 5.820478796958923340e-01, 2.224291302263736725e-02, 6.976896524429321289e-01, -7.073096632957458496e-01, 1.329667806625366211e+00, 4.051941931247711182e-01, -8.448191881179809570e-01, 5.183386802673339844e-01
7.988803386688232422e-01, -3.042456209659576416e-01, -1.673024445772171021e-01, -5.703821182250976562e-01, 5.936362147331237793e-01, -8.235700726509094238e-01, -1.148481130599975586e+00, 8.601813912391662598e-01, 9.062659740447998047e-01, -1.212859526276588440e-01
-4.282056987285614014e-01, -1.660371661186218262e+00, 2.773033976554870605e-01, -4.127868115901947021e-01, -1.200451731681823730e+00, 1.008462309837341309e-01, -1.309675097465515137e+00, 8.628647923469543457e-01, 1.495588064193725586e+00, -9.596572518348693848e-01
1.811920642852783203e+00, -5.206961631774902344e-01, 1.130913496017456055e+00, 8.683156967163085938e-01, -1.386186599731445312e+00, -9.592771530151367188e-01, -1.147678375244140625e+00, 3.952447175979614258e-01, 1.263474345207214355e+00, 5.182525515556335449e-01
9.077164530754089355e-01, 5.352926254272460938e-01, -9.097398072481155396e-02, -5.058429390192031860e-02, 1.337147504091262817e-01, -9.192554354667663574e-01, 7.471660971641540527e-01, -4.504809975624084473e-01, 6.474897861480712891e-01, 8.621219545602798462e-02
-1.570949256420135498e-01, -1.405495166778564453e+00, -1.231663823127746582e+00, -1.389354705810546875e+00, 7.137587666511535645e-02, 7.928439974784851074e-01, -8.726426959037780762e-01, 7.724245190620422363e-01, -3.674747943878173828e-01, 5.338454246520996094e-01
3.280932903289794922e-01, 1.126711368560791016e-01, -4.059938490390777588e-01, 9.939618110656738281e-01, -4.267064929008483887e-01, -1.213060736656188965e+00, -1.164924621582031250e+00, -6.395301222801208496e-01, 1.623570442199707031e+00, -2.787338495254516602e-01
-2.764793932437896729e-01, 1.588295936584472656e+00, 1.620252847671508789e+00, -4.514302909374237061e-01, -1.189754158258438110e-01, -4.974431097507476807e-01, 1.117552638053894043e+00, 4.734839797019958496e-01, -5.786015987396240234e-01, 1.069341421127319336e+00
1.090731192380189896e-02, -4.896557331085205078e-01, -1.203381896018981934e+00, -3.244299590587615967e-01, 5.910667777061462402e-01, 2.041641026735305786e-01, -1.302829265594482422e+00, -1.146127343177795410e+00, -1.435138702392578125e+00, -4.215911030769348145e-02
-6.020097732543945312e-01, -2.631229758262634277e-01, 1.298677772283554077e-01, 7.868856787681579590e-01, -1.168327212333679199e+00, 1.488551974296569824e+00, -4.637228250503540039e-01, -1.095574975013732910e+00, -3.637447953224182129e-01, 1.243464350700378418e+00
1.312351584434509277e+00, -5.379143953323364258e-01, 4.576812684535980225e-01, 1.155802488327026367e+00, -2.058483213186264038e-01, -8.089419007301330566e-01, -4.164112508296966553e-01, 4.367752969264984131e-01, -1.950611829757690430e+00, -5.898476839065551758e-01
6.908287405967712402e-01, -2.293473243713378906e+00, -1.627553462982177734e+00, -8.765444755554199219e-01, -3.975992202758789062e-01, -1.037255287170410156e+00, -4.338107705116271973e-01, 2.525007724761962891e-01, 8.922871351242065430e-01, 5.779764056205749512e-01
7.806229591369628906e-01, 2.542236633598804474e-02, 7.150247693061828613e-01, 9.112248420715332031e-01, 1.894974410533905029e-01, -6.523271799087524414e-01, 3.553480207920074463e-01, 3.924364447593688965e-01, -6.618062853813171387e-01, -4.264113903045654297e-01
3.752668201923370361e-01, 1.240345835685729980e+00, -1.374129652976989746e+00, 4.361833631992340088e-01, 9.434710144996643066e-01, -1.780351758003234863e+00, -2.839592695236206055e-01, 1.561359047889709473e+00, -3.140603601932525635e-01, 4.586583077907562256e-01
6.940745711326599121e-01, -5.953574776649475098e-01, -9.726271629333496094e-01, 1.591482281684875488e+00, -1.815536618232727051e+00, 9.067697823047637939e-02, -7.670910656452178955e-02, -1.260841250419616699e+00, 3.692516684532165527e-02, 5.662193298339843750e-01
-1.655178546905517578e+00, -2.532437443733215332e-01, -6.547054648399353027e-01, 1.433412671089172363e+00, -2.329384684562683105e-01, 1.373983502388000488e+00, -3.031474947929382324e-01, 8.261719346046447754e-01, 6.861746907234191895e-01, -7.358400225639343262e-01
-4.915542900562286377e-01, 4.676907360553741455e-01, -1.921509861946105957e+00, 8.651274442672729492e-01, 8.788015842437744141e-01, -8.723001480102539062e-01, -4.455748200416564941e-01, -3.176693916320800781e-01, -7.661514729261398315e-02, 1.074631959199905396e-01
-4.251664578914642334e-01, -1.065381050109863281e+00, -2.482197135686874390e-01, -8.456604480743408203e-01, 2.166852802038192749e-01, -8.994368314743041992e-01, -2.195792496204376221e-01, -5.025379061698913574e-01, 1.322292447090148926e+00, -1.681758314371109009e-01
3.478778302669525146e-01, 7.860342413187026978e-02, -9.955694526433944702e-02, 2.827493190765380859e+00, -7.650628089904785156e-01, -1.220798134803771973e+00, 1.491908431053161621e+00, -9.402343630790710449e-01, 3.244945108890533447e-01, -5.685441568493843079e-02
-1.282533288002014160e+00, 1.152865290641784668e+00, 6.406696438789367676e-01, 1.438048243522644043e+00, 7.125780582427978516e-01, -3.880186704918742180e-03, 1.226742863655090332e+00, -1.189633980393409729e-01, -1.325676441192626953e-01, 2.416982412338256836e+00
-4.275772273540496826e-01, 1.624400019645690918e+00, 6.145812273025512695e-01, -4.108775556087493896e-01, 2.069926023483276367e+00, -8.907999992370605469e-01, -1.343376785516738892e-01, -1.226900935173034668e+00, 9.695212841033935547e-01, -7.493083477020263672e-01
3.644845485687255859e-01, -1.389675974845886230e+00, 1.461840748786926270e+00, 1.985912799835205078e+00, 5.111754536628723145e-01, -7.097183465957641602e-01, 2.489764094352722168e-01, -2.020154953002929688e+00, 2.502225935459136963e-01, 5.928059220314025879e-01
4.164074063301086426e-01, 1.185619115829467773e+00, -1.269391059875488281e+00, -2.670453190803527832e-01, 3.503066301345825195e-02, 2.932062447071075439e-01, 7.821497321128845215e-01, -1.069432377815246582e+00, 3.920267224311828613e-01, -6.375085711479187012e-01
-1.116682365536689758e-01, -5.704553723335266113e-01, 8.098909854888916016e-01, 1.868369132280349731e-01, 6.219354271888732910e-01, -6.600616872310638428e-02, -4.581594169139862061e-01, -2.578234374523162842e-01, 6.388118863105773926e-01, -3.038762509822845459e-01
-2.606351673603057861e-01, -1.326043248176574707e+00, -1.591045260429382324e+00, 4.048390388488769531e-01, 3.561064898967742920e-01, -9.642367959022521973e-01, -8.305544853210449219e-01, 1.606957912445068359e+00, 7.000706791877746582e-01, 7.945127487182617188e-01
-1.835218071937561035e+00, 1.602983593940734863e+00, -2.898242175579071045e-01, 1.229720592498779297e+00, -4.020454287528991699e-01, -1.483474612236022949e+00, -9.822704195976257324e-01, -4.097085297107696533e-01, -8.058758974075317383e-01, 1.219571352005004883e+00
5.809751152992248535e-01, 2.851171791553497314e-01, -8.754681348800659180e-01, -1.291176676750183105e+00, 4.796080589294433594e-01, 2.265329807996749878e-01, -4.669050872325897217e-01, 6.893553137779235840e-01, 8.150106668472290039e-01, 1.586778283119201660e+00
7.861812710762023926e-01, -1.762114882469177246e+00, -7.807925809174776077e-03, 4.135189354419708252e-01, 2.179698228836059570e+00, -8.524727821350097656e-01, 4.220624864101409912e-01, 1.274223327636718750e-01, -4.349058270454406738e-01, 2.837882637977600098e-01
-5.502243638038635254e-01, -2.000679492950439453e+00, -8.794645071029663086e-01, -5.948646664619445801e-01, -2.820780873298645020e-01, 1.257764399051666260e-01, -2.093393653631210327e-01, 1.342409849166870117e+00, -2.552710175514221191e-01, -2.557018101215362549e-01
9.374637007713317871e-01, 2.380168288946151733e-01, 1.028461575508117676e+00, -8.464096784591674805e-01, 3.694538772106170654e-01, -1.898076832294464111e-01, 1.066610097885131836e+00, -3.046155273914337158e-01, -7.290346622467041016e-01, -1.624162793159484863e+00
2.295108437538146973e-01, 7.719163298606872559e-01, -1.863074451684951782e-01, -7.893489003181457520e-01, -2.170070409774780273e-01, -8.283683657646179199e-01, -2.770453691482543945e+00, -9.820203781127929688e-01, 2.295613586902618408e-01, -4.883711338043212891e-01
1.391055822372436523e+00, -9.040817022323608398e-01, -9.456542730331420898e-01, -8.320955634117126465e-01, 1.825874924659729004e+00, 8.039900064468383789e-01, -6.436858177185058594e-01, -1.314065575599670410e+00, -1.101882696151733398e+00, -2.883091270923614502e-01
1.639216303825378418e+00, -1.258325576782226562e+00, -5.724173784255981445e-01, -6.063754558563232422e-01, -9.508478641510009766e-01, 4.232016801834106445e-01, 5.094329118728637695e-01, -1.386762857437133789e+00, 9.139656424522399902e-01, -4.541532993316650391e-01
-2.993488013744354248e-01, 9.641093760728836060e-02, -6.058908104896545410e-01, 7.330642640590667725e-02, 8.110553622245788574e-01, 9.755095839500427246e-01, 8.691069483757019043e-01, 1.632609248161315918e+00, -2.322909116744995117e+00, -4.219608604907989502e-01
1.209839433431625366e-01, -2.815112471580505371e-01, 4.637878537178039551e-01, -8.307139277458190918e-01, -1.142186522483825684e+00, -2.606534957885742188e-01, -1.196501493453979492e+00, -6.117313355207443237e-02, -7.653846144676208496e-01, -3.249753415584564209e-01
8.466932773590087891e-01, -1.133148908615112305e+00, -1.120641231536865234e+00, 1.104912236332893372e-01, 1.487947463989257812e+00, -1.061083197593688965e+00, 2.274401336908340454e-01, -7.191576361656188965e-01, -2.737715542316436768e-01, 1.100839003920555115e-01
1.562773227691650391e+00, 1.954025983810424805e+00, -1.826998829841613770e+00, -9.215559959411621094e-01, 4.099968969821929932e-01, -5.246172547340393066e-01, 3.080997169017791748e-01, 3.928872644901275635e-01, -1.379108667373657227e+00, 1.428385674953460693e-01
-8.053810000419616699e-01, -1.660795211791992188e+00, 2.466518133878707886e-01, -1.256214857101440430e+00, 3.044458925724029541e-01, 5.134918093681335449e-01, 1.746627688407897949e+00, -7.140972018241882324e-01, 1.171510934829711914e+00, -1.555301132611930370e-04
-3.194145560264587402e-01, -5.574147105216979980e-01, 8.208971023559570312e-01, -1.151145696640014648e+00, 3.399057984352111816e-01, -3.592986166477203369e-01, -8.581401109695434570e-01, 1.239176988601684570e+00, 8.095310926437377930e-01, -8.860068917274475098e-01
1.278242468833923340e+00, -1.111739873886108398e+00, -1.498069524765014648e+00, 7.306376695632934570e-01, -1.429562807083129883e+00, 8.011955022811889648e-01, 4.532469511032104492e-01, 4.508954882621765137e-01, -7.870253920555114746e-01, -1.853509806096553802e-02
-1.469478756189346313e-01, 1.137442812323570251e-01, 2.275308966636657715e-01, -1.951433897018432617e+00, -7.746950387954711914e-01, 3.901204168796539307e-01, -3.821434676647186279e-01, 9.373550862073898315e-02, -1.547668695449829102e+00, 1.040616869926452637e+00
-1.313496828079223633e+00, 1.470583677291870117e+00, 1.055739521980285645e+00, -1.450828611850738525e-01, 6.926595568656921387e-01, -5.554844141006469727e-01, 5.697774887084960938e-01, 7.814920544624328613e-01, 1.103263139724731445e+00, 2.096927613019943237e-01
2.645738363265991211e+00, 8.293454051017761230e-01, -1.011763572692871094e+00, 8.599918484687805176e-01, 1.348766565322875977e+00, 1.220155835151672363e+00, 1.394029259681701660e+00, 2.195909172296524048e-01, 1.132024645805358887e+00, -4.611579235643148422e-03
3.770221769809722900e-01, -4.459814727306365967e-01, -6.804022192955017090e-01, -2.090939521789550781e+00, 1.189903855323791504e+00, 1.503706932067871094e+00, -9.112061858177185059e-01, 3.773873150348663330e-01, -6.677170395851135254e-01, 2.452865242958068848e-01
9.514467716217041016e-01, -5.906186699867248535e-01, 1.171758323907852173e-01, -1.380281925201416016e+00, 5.254253149032592773e-01, -3.738818168640136719e-01, 8.838088512420654297e-01, 9.069792628288269043e-01, -9.376763105392456055e-01, 6.745326519012451172e-01
-2.635239839553833008e+00, 8.108839392662048340e-01, -1.644823104143142700e-01, -1.913691125810146332e-02, -6.281344890594482422e-01, -1.194985359907150269e-01, 7.152878046035766602e-01, 9.572455286979675293e-01, 9.522995948791503906e-01, -1.950989663600921631e-01
9.049657732248306274e-02, 1.436573117971420288e-01, 1.134248733520507812e+00, 8.546636700630187988e-01, -1.088509917259216309e+00, -9.590469598770141602e-01, -3.456454575061798096e-01, -1.406406283378601074e+00, 3.352689743041992188e-01, -8.090646862983703613e-01
-1.782840192317962646e-01, -1.549313545227050781e+00, 7.188507318496704102e-01, 5.109853297472000122e-02, -4.397240579128265381e-01, -9.190689921379089355e-01, -1.410073161125183105e+00, -4.051302075386047363e-01, -4.225018322467803955e-01, 5.307800173759460449e-01
2.773997187614440918e-01, 9.958036541938781738e-01, -6.083815693855285645e-01, -1.839763671159744263e-01, -2.112025022506713867e+00, -5.715026855468750000e-01, -1.843528598546981812e-01, 7.946896553039550781e-01, 9.835041761398315430e-01, 4.671093523502349854e-01
-1.013518810272216797e+00, 3.423196971416473389e-01, 4.879269301891326904e-01, -4.243813157081604004e-01, 2.410726994276046753e-01, -1.384847998619079590e+00, 5.986600518226623535e-01, 3.116980195045471191e-01, -1.403208136558532715e+00, -2.624322652816772461e+00
8.909381628036499023e-01, -2.958239316940307617e-01, -9.237869977951049805e-01, 3.385594785213470459e-01, -1.242102861404418945e+00, 9.438265860080718994e-02, 3.229023888707160950e-02, -1.036934733390808105e+00, -2.477720975875854492e-01, 2.655276656150817871e-01
5.613777637481689453e-01, -1.123809218406677246e+00, 8.644707798957824707e-01, -7.759379744529724121e-01, 1.141948223114013672e+00, -7.364428043365478516e-01, -1.277591660618782043e-02, -1.573057413101196289e+00, 6.867515444755554199e-01, 9.293069243431091309e-01
-1.553039669990539551e+00, 3.969819247722625732e-01, -1.066022276878356934e+00, -1.766042709350585938e+00, -1.154306769371032715e+00, -6.632243990898132324e-01, 6.908665895462036133e-01, -2.779489159584045410e-01, -2.751147747039794922e-01, -1.707814097404479980e+00
-1.175902247428894043e+00, 5.757952332496643066e-01, -1.380556464195251465e+00, -1.206586003303527832e+00, -3.865046501159667969e-01, -1.377581506967544556e-01, 1.303344219923019409e-01, -8.412140607833862305e-01, -1.557733565568923950e-01, 6.098126769065856934e-01
6.283113360404968262e-01, 1.944961786270141602e+00, 3.187676072120666504e-01, 3.351923227310180664e-01, 7.703618407249450684e-01, -6.363107562065124512e-01, 8.862915039062500000e-01, 1.757653474807739258e+00, -3.279214501380920410e-01, -2.021454572677612305e-01
-6.922697424888610840e-01, -1.607632189989089966e-01, -4.845297634601593018e-01, 6.131577491760253906e-01, -6.043172478675842285e-01, 1.888034939765930176e-01, -1.086934685707092285e+00, 5.186074972152709961e-01, -6.704907417297363281e-01, -1.213103294372558594e+00
-6.549640893936157227e-01, 4.661847651004791260e-01, 1.582189798355102539e+00, -2.045234441757202148e-01, -1.077906370162963867e+00, -1.020551085472106934e+00, -7.561300396919250488e-01, -5.804290622472763062e-02, 1.475193500518798828e-01, -1.120425939559936523e+00
-1.333745419979095459e-01, -3.038126230239868164e-01, 2.961114794015884399e-02, -6.590812467038631439e-03, -7.706620097160339355e-01, 1.509306788444519043e+00, 3.700298368930816650e-01, -1.818414032459259033e-01, -5.725475773215293884e-02, -6.701914072036743164e-01
2.875568866729736328e-01, 1.550826072692871094e+00, 6.675004959106445312e-01, -1.120673418045043945e+00, 4.846918880939483643e-01, 5.275166630744934082e-01, 2.737314105033874512e-01, 2.157075703144073486e-01, -7.168444991111755371e-01, -7.641741633415222168e-01
-7.115990668535232544e-02, 8.499943614006042480e-01, -1.732603669166564941e+00, -5.781134963035583496e-01, -8.697732090950012207e-01, -3.425802290439605713e-01, 1.897635936737060547e+00, 4.986016452312469482e-01, -1.059706926345825195e+00, -1.906030327081680298e-01
-3.942480981349945068e-01, 9.584328532218933105e-02, -7.921930551528930664e-01, -9.155524373054504395e-01, -7.853490710258483887e-01, -7.148228287696838379e-01, -8.230739831924438477e-01, -2.682745754718780518e-01, 6.172539591789245605e-01, -6.155247688293457031e-01
1.119413733482360840e+00, 1.193936705589294434e+00, -7.519648671150207520e-01, 2.171013116836547852e+00, -7.201517932116985321e-03, 8.207200169563293457e-01, -6.380646824836730957e-01, 1.779899120330810547e+00, 1.403357088565826416e-01, -9.875493645668029785e-01
-1.460163354873657227e+00, -1.112758461385965347e-02, -2.129619568586349487e-01, 1.108156561851501465e+00, 2.438839972019195557e-01, 8.376023173332214355e-02, 3.395603597164154053e-01, 3.479341268539428711e-01, -5.067185163497924805e-01, 1.936097294092178345e-01
-5.846508741378784180e-01, 1.317485451698303223e+00, 2.809101641178131104e-01, 5.155440568923950195e-01, -4.118503630161285400e-01, 1.304529666900634766e+00, 7.662295103073120117e-01, -8.188138008117675781e-01, -1.151877641677856445e+00, -1.741206049919128418e+00
6.248975396156311035e-01, 2.289999723434448242e+00, -9.830971807241439819e-02, -2.007201910018920898e-01, 5.568445920944213867e-01, -1.091541290283203125e+00, -7.060138583183288574e-01, 2.019184350967407227e+00, 1.643354654312133789e+00, -8.894672393798828125e-01
7.549962997436523438e-01, 1.535171717405319214e-01, 5.025243163108825684e-01, 1.705465465784072876e-01, -2.104496359825134277e-01, 1.420666575431823730e+00, -4.387745857238769531e-01, 1.352048367261886597e-01, 3.032921999692916870e-02, 1.117863893508911133e+00
3.699707686901092529e-01, 5.180246829986572266e-01, -3.174493312835693359e-01, -3.769149780273437500e-01, -8.334589004516601562e-01, -4.236786961555480957e-01, 7.839221358299255371e-01, 2.533412873744964600e-01, 5.930343270301818848e-01, -2.967734821140766144e-02
-7.403923273086547852e-01, 8.543625473976135254e-01, 1.338048130273818970e-01, 6.719972491264343262e-01, 1.325671076774597168e+00, 4.014091491699218750e-01, -3.143104612827301025e-01, -3.649500310420989990e-01, 8.539041876792907715e-01, 8.422294259071350098e-01
-5.997544527053833008e-01, 2.297489643096923828e-01, 1.529103279113769531e+00, 6.208540201187133789e-01, 1.821785271167755127e-01, -1.014458656311035156e+00, 1.036981463432312012e+00, -7.083027064800262451e-02, -1.265969276428222656e+00, 6.460279822349548340e-01
-1.934949159622192383e-01, -4.096008539199829102e-01, 5.651048421859741211e-01, 1.088402345776557922e-01, 1.417722105979919434e+00, -1.289795398712158203e+00, 7.024512887001037598e-01, 2.483851164579391479e-01, 6.894682049751281738e-01, -1.765407681465148926e+00
-9.421027302742004395e-01, 1.399047732353210449e+00, -3.643167912960052490e-01, 1.508407592773437500e+00, 8.711157441139221191e-01, 8.973541259765625000e-01, 1.309758126735687256e-01, -4.658995866775512695e-01, 1.581027388572692871e+00, 1.352234721183776855e+00
1.860404908657073975e-01, 4.458677172660827637e-01, -2.332556806504726410e-02, -5.908890366554260254e-01, 2.085961997509002686e-01, 3.137452006340026855e-01, 9.693962335586547852e-01, 7.181606888771057129e-01, 4.651768505573272705e-01, 1.450760960578918457e+00
-1.390477180480957031e+00, 1.790862441062927246e+00, -5.050949454307556152e-01, -1.070445105433464050e-01, 9.890620708465576172e-01, 5.052412748336791992e-01, -1.049090504646301270e+00, 1.109089374542236328e+00, 1.858129858970642090e+00, -1.070897102355957031e+00
-6.668061017990112305e-01, 1.810354366898536682e-02, -9.875847101211547852e-01, 3.144773840904235840e-01, 3.770533800125122070e-01, 4.040086641907691956e-02, -5.681843757629394531e-01, -6.276010721921920776e-02, -1.288558959960937500e+00, 4.619995653629302979e-01
1.953559070825576782e-01, -1.356693983078002930e+00, 8.064473271369934082e-01, -2.311832308769226074e-01, 1.577109932899475098e+00, -7.861229181289672852e-01, -1.765216946601867676e+00, 1.398094296455383301e+00, -8.905874490737915039e-01, -2.355982780456542969e+00
-2.502442300319671631e-01, 2.954374551773071289e+00, 9.088247418403625488e-01, 3.111070096492767334e-01, 2.282847017049789429e-01, -5.708115175366401672e-02, 6.735934615135192871e-01, 1.241413831710815430e+00, 1.131168723106384277e+00, -1.987674236297607422e+00
7.721074223518371582e-01, -1.244274020195007324e+00, 8.916639089584350586e-01, 7.981420308351516724e-02, -1.287342607975006104e-01, -7.498509287834167480e-01, -8.266406059265136719e-01, -3.863760232925415039e-01, 1.715231180191040039e+00, 9.306991696357727051e-01
-1.064103618264198303e-01, -1.146667718887329102e+00, -1.175213932991027832e+00, -1.091013193130493164e+00, 1.104288399219512939e-01, 1.956480443477630615e-01, 7.065382599830627441e-01, 1.066352054476737976e-01, -1.785350292921066284e-01, -4.335755705833435059e-01
-9.166851639747619629e-01, -1.891882777214050293e+00, -1.836310744285583496e+00, 1.434064745903015137e+00, -1.167458057403564453e+00, 7.992284893989562988e-01, 2.046787261962890625e+00, 1.330941319465637207e+00, -9.915890693664550781e-01, -3.849430382251739502e-02
7.230786681175231934e-01, -7.329332232475280762e-01, 4.738529324531555176e-01, -1.054777741432189941e+00, -1.027549624443054199e+00, -1.388447165489196777e+00, 2.849924862384796143e-01, -8.052716851234436035e-01, 2.151138067245483398e+00, -1.058452367782592773e+00
-6.951811313629150391e-01, -3.178386390209197998e-01, 6.841043233871459961e-01, 3.432172834873199463e-01, -5.658304691314697266e-01, 4.757547676563262939e-01, -2.687607288360595703e+00, -9.285493493080139160e-01, -3.154582679271697998e-01, -9.351743459701538086e-01
-7.046462297439575195e-01, 8.668405562639236450e-02, -6.731794029474258423e-02, 2.339056581258773804e-01, -8.870317339897155762e-01, 8.489073514938354492e-01, 3.098076283931732178e-01, 6.084010004997253418e-01, 2.474322170019149780e-01, 7.852208614349365234e-01
6.500382721424102783e-02, -1.026652812957763672e+00, -6.563883274793624878e-02, -4.088565111160278320e-01, 7.468084692955017090e-01, -2.108060568571090698e-01, -6.212179660797119141e-01, 4.088493883609771729e-01, -1.008493900299072266e+00, 2.380842208862304688e+00
-1.380956530570983887e+00, 1.078438997268676758e+00, -6.007987856864929199e-01, 5.916317701339721680e-01, -6.924993395805358887e-01, 9.999784827232360840e-01, 2.751917205750942230e-02, -2.853524386882781982e-01, 4.379347562789916992e-01, -2.057455301284790039e+00
1.781064987182617188e+00, 2.058232873678207397e-01, -2.820511460304260254e-01, 1.002219915390014648e+00, -6.287516951560974121e-01, -6.538292020559310913e-02, 1.704702496528625488e+00, -2.647496461868286133e+00, 6.571181416511535645e-01, 1.010005831718444824e+00
1.059979319572448730e+00, -2.323773652315139771e-01, -1.173699926584959030e-02, 4.780264496803283691e-01, 1.918653130531311035e+00, 1.552875280380249023e+00, 4.251070916652679443e-01, 1.144946455955505371e+00, 1.176183462142944336e+00, -1.344869613647460938e+00
-4.151421785354614258e-01, 8.035976886749267578e-01, -2.600741088390350342e-01, 3.056178987026214600e-01, -2.896634638309478760e-01, -1.017013669013977051e+00, 1.470298767089843750e-01, -1.421722769737243652e+00, -8.215653896331787109e-02, 5.272660851478576660e-01
5.494399070739746094e-01, 5.962296724319458008e-01, -1.235919222235679626e-01, -2.711937129497528076e-01, -1.326084256172180176e+00, 2.228774726390838623e-01, 1.391849994659423828e+00, -8.852311372756958008e-01, -3.134976625442504883e-01, -9.519220590591430664e-01
1.416667461395263672e+00, 1.251216888427734375e+00, 5.315307155251502991e-02, 1.047629117965698242e+00, -1.134820133447647095e-01, -7.067252993583679199e-01, -1.625910401344299316e+00, 4.296669960021972656e-01, -3.892665207386016846e-01, 8.215027451515197754e-01
-6.030512452125549316e-01, -4.934533312916755676e-02, -1.880571603775024414e+00, -1.733810007572174072e-01, -2.189846187829971313e-01, 6.666878610849380493e-02, -1.208427309989929199e+00, 5.336408317089080811e-02, -8.827375173568725586e-01, 3.793580532073974609e-01
1.803978562355041504e+00, -9.587103128433227539e-01, 5.525217056274414062e-01, 9.516423940658569336e-01, 9.913419187068939209e-02, 6.208309531211853027e-01, -3.848004341125488281e-01, 8.705268502235412598e-01, 3.846752643585205078e-01, 9.291526675224304199e-01
-1.093467116355895996e+00, -1.925639957189559937e-01, -9.134256243705749512e-01, 7.173147201538085938e-01, -2.176918745040893555e+00, -8.637121915817260742e-01, 6.278153061866760254e-01, 7.816141843795776367e-01, 2.196666240692138672e+00, -2.342382520437240601e-01
-1.825469970703125000e+00, -9.490616917610168457e-01, -2.726947367191314697e-01, 1.424802988767623901e-01, -2.190512567758560181e-01, -5.715589970350265503e-02, 1.013106703758239746e+00, 1.915409415960311890e-01, 1.655233025550842285e+00, -5.431499481201171875e-01
-6.159009933471679688e-01, -8.595156669616699219e-01, -2.089652121067047119e-01, 1.598318934440612793e+00, -5.857744216918945312e-01, -4.543651044368743896e-01, 8.291546702384948730e-01, 6.876776218414306641e-01, 3.542412519454956055e-01, 2.215008735656738281e-01
1.272080391645431519e-01, -1.894629359245300293e+00, 8.759760260581970215e-01, 1.779271006584167480e+00, 1.834699749946594238e+00, 4.854480922222137451e-02, -1.338416337966918945e+00, -7.182880304753780365e-03, 6.652931571006774902e-01, 1.247099995613098145e+00
7.250511050224304199e-01, 1.084012508392333984e+00, -3.054503202438354492e-01, -4.470719695091247559e-01, 1.096828460693359375e+00, -2.729679644107818604e-01, 2.172190666198730469e+00, -3.626912534236907959e-01, -3.435308858752250671e-02, -9.161339402198791504e-01
3.305204510688781738e-01, -6.758317351341247559e-01, -3.186196982860565186e-01, -9.523110389709472656e-01, 1.299493670463562012e+00, -6.403237581253051758e-01, -1.323946237564086914e+00, 5.255151987075805664e-01, 3.439353704452514648e-01, 1.531155943870544434e+00
-1.037230730056762695e+00, 5.538583993911743164e-01, 8.376069664955139160e-01, -9.994794726371765137e-01, -1.047765970230102539e+00, 6.878690719604492188e-01, 3.706941306591033936e-01, -8.812671899795532227e-01, 1.591563344001770020e+00, -1.075053364038467407e-01
1.387452363967895508e+00, -1.212269067764282227e+00, -2.365565747022628784e-01, -1.429268479347229004e+00, -1.823066025972366333e-01, 1.014433503150939941e+00, 1.258336663246154785e+00, -5.781742334365844727e-01, 3.364957869052886963e-01, -1.104061484336853027e+00
3.256680816411972046e-02, -3.588125109672546387e-01, 2.068869590759277344e+00, -9.179552793502807617e-01, -5.135235786437988281e-01, 1.312727808952331543e+00, -1.301906555891036987e-01, 2.239954948425292969e+00, 6.069305539131164551e-01, -6.728789806365966797e-01
-1.056225076317787170e-01, -7.670977711677551270e-01, -1.979663252830505371e+00, 7.204318046569824219e-01, -2.088743150234222412e-01, 3.429779782891273499e-02, 1.357156276702880859e+00, 2.032641917467117310e-01, 1.017805337905883789e-01, 7.502753138542175293e-01
-2.729297578334808350e-01, -4.747579991817474365e-01, -6.273283958435058594e-01, -7.139436602592468262e-01, -1.440716385841369629e+00, -5.835484266281127930e-01, 1.884467452764511108e-01, -1.034992456436157227e+00, 3.608173727989196777e-01, 1.350722432136535645e+00
1.578000903129577637e+00, -1.226729035377502441e+00, 1.216949447989463806e-01, 8.793738484382629395e-01, 1.655935049057006836e-01, 4.553959965705871582e-01, -7.073298096656799316e-01, 1.715206384658813477e+00, 7.425094246864318848e-01, 4.248032569885253906e-01
-1.096124768257141113e+00, 4.846634268760681152e-01, 1.793255656957626343e-01, 8.593279123306274414e-01, -2.934341728687286377e-01, -1.224861860275268555e+00, 1.356814622879028320e+00, 1.731426119804382324e-01, -1.115471124649047852e+00, 1.685326576232910156e+00
9.276562370359897614e-03, -1.267133355140686035e+00, 1.076774358749389648e+00, 1.807471036911010742e+00, 2.227738052606582642e-01, -1.400948524475097656e+00, 4.281361103057861328e-01, -1.055874228477478027e+00, 1.295555531978607178e-01, 1.677602976560592651e-01
4.956797063350677490e-01, -1.531885862350463867e-01, -5.659696459770202637e-01, 2.711792886257171631e-01, -2.140880823135375977e+00, -2.659316956996917725e-01, 4.938170611858367920e-01, -4.955618381500244141e-01, -7.919651269912719727e-02, -8.082298040390014648e-01
-1.399795889854431152e+00, -2.657898142933845520e-02, -1.207783579826354980e+00, -8.232139796018600464e-02, 1.127356141805648804e-01, 1.796840548515319824e+00, 2.894711792469024658e-01, -1.451084971427917480e+00, -6.166499257087707520e-01, -2.693234980106353760e-01
6.873061656951904297e-01, 9.591093659400939941e-01, 1.079244092106819153e-01, -6.210724711418151855e-01, 6.762845516204833984e-01, 7.443618774414062500e-01, 1.602751970291137695e+00, 2.900792658329010010e-01, 6.713816523551940918e-01, -1.029952645301818848e+00
4.997228458523750305e-02, 1.906034231185913086e+00, 1.240554213523864746e+00, -4.375073015689849854e-01, 4.362310767173767090e-01, 9.761602282524108887e-01, 4.258353710174560547e-01, 1.388471484184265137e+00, 1.458124518394470215e+00, -1.070227026939392090e+00
-9.857006371021270752e-03, 9.398815222084522247e-03, 2.854675054550170898e-01, -1.697631597518920898e+00, 1.290760993957519531e+00, -6.895961612462997437e-02, 1.319747924804687500e+00, -9.100162982940673828e-02, -5.073527097702026367e-01, -4.374318122863769531e-01
7.425302863121032715e-01, 3.839363455772399902e-01, 2.545512914657592773e-01, -1.221738830208778381e-01, 1.948416829109191895e+00, 1.488131523132324219e+00, 5.903712287545204163e-02, 8.472391963005065918e-02, 5.968775153160095215e-01, 2.093812227249145508e-01
-7.273051738739013672e-01, 2.331891208887100220e-01, -2.754435688257217407e-02, -1.479605197906494141e+00, 1.317955851554870605e+00, -8.200721144676208496e-01, 9.268580079078674316e-01, -1.465796709060668945e+00, -2.803562283515930176e-01, 2.019940614700317383e+00
1.158035635948181152e+00, -2.657659530639648438e+00, 2.217081546783447266e+00, -3.541772067546844482e-01, -1.070917844772338867e+00, 1.300184249877929688e+00, -1.859198689460754395e+00, -1.978475600481033325e-01, 1.429222464561462402e+00, -6.107125878334045410e-01
-1.830003380775451660e+00, -8.301652073860168457e-01, -1.031335443258285522e-01, 2.870251536369323730e-01, 1.428233742713928223e+00, -1.187944505363702774e-02, 5.512958765029907227e-01, -1.024251103401184082e+00, -5.611646175384521484e-01, 1.012053012847900391e+00
7.635846734046936035e-01, -4.437624812126159668e-01, 2.011034786701202393e-01, -6.657853722572326660e-01, 2.098099738359451294e-01, 2.395449876785278320e-01, 1.084005713462829590e+00, -1.573526978492736816e+00, 1.216974630951881409e-01, -1.118796825408935547e+00
8.847016096115112305e-01, 7.017252445220947266e-01, -2.106297731399536133e+00, 4.536313712596893311e-01, 2.997306548058986664e-02, -6.417275071144104004e-01, -9.334743767976760864e-02, -6.983250975608825684e-01, 3.393777832388877869e-02, -1.049684286117553711e+00
-4.774063229560852051e-01, -8.424580693244934082e-01, -2.741198539733886719e-01, -2.413086965680122375e-02, -5.353068113327026367e-01, 9.048585593700408936e-02, -3.017183244228363037e-01, 7.295579314231872559e-01, 4.108167812228202820e-02, -1.525380253791809082e+00
1.181051850318908691e+00, -4.729326963424682617e-01, 8.492685556411743164e-01, -8.764669895172119141e-01, 5.533007383346557617e-01, 1.743286371231079102e+00, 3.601737022399902344e-01, -1.431103467941284180e+00, -8.226983547210693359e-01, -6.764224171638488770e-01
1.051582574844360352e+00, 6.793578863143920898e-01, -1.483618021011352539e+00, 2.722122967243194580e-01, -1.416849732398986816e+00, -1.102010488510131836e+00, 5.141227841377258301e-01, 2.581004500389099121e-01, 1.127253174781799316e+00, 1.053191065788269043e+00
1.755529046058654785e-01, -1.083724617958068848e+00, 1.706856966018676758e+00, 5.458179116249084473e-01, -6.273869872093200684e-01, -7.563395500183105469e-01, -1.295048952102661133e+00, 4.349329769611358643e-01, 7.249051928520202637e-01, 2.124043107032775879e-01
3.423820734024047852e-01, 3.883900940418243408e-01, 5.285094976425170898e-01, 9.525941014289855957e-01, -6.451829671859741211e-01, -9.304785132408142090e-01, -1.180064201354980469e+00, 3.908464014530181885e-01, 8.526791930198669434e-01, 5.994285941123962402e-01
-1.397051811218261719e+00, -9.237859845161437988e-01, -8.778024911880493164e-01, 5.427001714706420898e-01, -1.123500615358352661e-01, -1.181069970130920410e+00, -1.263770341873168945e+00, -2.118142098188400269e-01, -9.256250262260437012e-01, -4.582840204238891602e-01
4.454143941402435303e-01, 1.118168830871582031e+00, -4.733926057815551758e-02, -8.185412883758544922e-01, -2.716919481754302979e-01, 1.644837975502014160e+00, 6.585325598716735840e-01, -6.240372732281684875e-02, -1.596162438392639160e+00, -5.590140447020530701e-02
4.905008673667907715e-01, 1.381925940513610840e+00, 4.359998404979705811e-01, -7.564718723297119141e-01, -8.299972414970397949e-01, -5.512045621871948242e-01, -2.811301350593566895e-01, 3.075285553932189941e-01, 3.982439041137695312e-01, 4.802478253841400146e-01
-8.907858133316040039e-01, -3.784954845905303955e-01, 1.717620134353637695e+00, 9.814004302024841309e-01, -7.826318740844726562e-01, 1.037071108818054199e+00, -4.857374429702758789e-01, -2.711399085819721222e-02, 3.868480205535888672e+00, -8.639407753944396973e-01
-3.848688602447509766e-01, -1.481530189514160156e+00, -2.493286877870559692e-01, 8.931565284729003906e-01, -5.000368356704711914e-01, 5.997918248176574707e-01, -5.509968996047973633e-01, 8.286430239677429199e-01, 3.792295157909393311e-01, -3.072228133678436279e-01
-7.764641046524047852e-01, -8.420658707618713379e-01, -4.525444507598876953e-01, -1.240695953369140625e+00, -1.885322183370590210e-01, 1.346371918916702271e-01, 4.427149891853332520e-01, -4.584748446941375732e-01, -6.187413334846496582e-01, 2.686201930046081543e-01
3.557755053043365479e-01, -1.397910267114639282e-01, -1.815126985311508179e-01, -1.033721804618835449e+00, -8.014305233955383301e-01, 1.360482454299926758e+00, -6.418266296386718750e-01, -1.491333246231079102e-01, -4.498347640037536621e-01, 2.556761503219604492e-01
5.359703898429870605e-01, 3.811209499835968018e-01, 1.078762412071228027e+00, -8.982201814651489258e-01, -1.281261801719665527e+00, -1.952878713607788086e+00, 1.087598562240600586e+00, 1.628477424383163452e-01, 6.131627038121223450e-02, -2.305924147367477417e-01
9.984772801399230957e-01, -6.248424053192138672e-01, 1.002986550331115723e+00, 3.458655253052711487e-02, -6.057150289416313171e-02, 2.053214907646179199e-01, -1.765322983264923096e-01, 7.737136483192443848e-01, 5.357883572578430176e-01, -3.307764232158660889e-01
-1.652048349380493164e+00, 2.093996524810791016e+00, -1.683652773499488831e-02, -7.260550260543823242e-01, 1.258084326982498169e-01, -8.891985416412353516e-01, 1.474364042282104492e+00, 1.073857069015502930e+00, 1.575316637754440308e-01, 2.344324588775634766e+00
4.831674695014953613e-01, -1.382064223289489746e+00, 1.602400898933410645e+00, -6.848782896995544434e-01, 4.910588860511779785e-01, 1.334752917289733887e+00, 1.855392009019851685e-01, -1.674532741308212280e-01, 3.546018600463867188e-01, -1.402258753776550293e+00
2.257169485092163086e+00, -9.085106104612350464e-02, -1.247823163866996765e-01, -8.293319493532180786e-02, 1.797018200159072876e-01, 1.276477575302124023e+00, -1.291935443878173828e-01, -5.257860422134399414e-01, 5.738008618354797363e-01, 7.220104336738586426e-01
9.777852892875671387e-02, -1.263523459434509277e+00, 2.407195977866649628e-02, -1.571101665496826172e+00, -6.411316990852355957e-01, -4.186852276325225830e-01, 1.281922340393066406e+00, 1.788050413131713867e+00, -1.694038748741149902e+00, 2.455990314483642578e+00
-7.934462279081344604e-02, -1.358450055122375488e+00, -6.169503927230834961e-01, -3.464359045028686523e-01, -1.166758537292480469e+00, -2.707322128117084503e-02, 1.162044644355773926e+00, -1.050601005554199219e-01, -8.683514595031738281e-02, 1.805696636438369751e-01
-8.159951567649841309e-01, -1.945899009704589844e+00, -2.934366166591644287e-01, -4.565269052982330322e-01, -2.572113275527954102e-01, -1.968901045620441437e-02, 1.934147030115127563e-01, -2.777560353279113770e-01, -6.177725791931152344e-01, 3.790612816810607910e-01
-6.972644329071044922e-01, 2.303673774003982544e-01, 1.504224538803100586e+00, 4.220054447650909424e-01, -3.668599128723144531e-01, -4.664812386035919189e-01, 2.654946744441986084e-01, -1.709493398666381836e+00, 1.047117859125137329e-01, -1.353888750076293945e+00
9.495489299297332764e-02, 2.996572554111480713e-01, -8.686395287513732910e-01, 6.172569990158081055e-01, 5.255771279335021973e-01, -1.231662034988403320e+00, -9.795388579368591309e-01, -5.700075626373291016e-01, -8.698585629463195801e-01, 1.283527135848999023e+00
8.347554802894592285e-01, 2.836832404136657715e-01, -3.279188275337219238e-01, 1.765975117683410645e+00, -8.687074184417724609e-01, 9.193866848945617676e-01, -6.513783931732177734e-01, -2.139114141464233398e-01, -4.639017581939697266e-01, 5.193247199058532715e-01
1.536391019821166992e+00, 1.219564914703369141e+00, 1.820753335952758789e+00, 4.935059547424316406e-01, 1.341786831617355347e-01, 2.648792266845703125e-01, 4.451845884323120117e-01, 3.024339862167835236e-02, -2.344935201108455658e-02, 2.791696228086948395e-02
-1.216058611869812012e+00, 1.703448742628097534e-01, 5.724027752876281738e-01, 7.651482820510864258e-01, 1.021572053432464600e-01, 4.022163897752761841e-02, -6.566466093063354492e-01, 5.703234076499938965e-01, 2.201315462589263916e-01, -4.253449141979217529e-01
8.769891262054443359e-01, 9.830045700073242188e-01, 8.704363703727722168e-01, -5.684836953878402710e-02, 7.061035037040710449e-01, -8.427447676658630371e-01, 1.632938623428344727e+00, 1.953848600387573242e+00, -4.395599365234375000e-01, -5.099008083343505859e-01
1.830762147903442383e+00, -4.450920224189758301e-02, -2.984805703163146973e-01, -1.073316335678100586e+00, 1.406406641006469727e+00, 7.597458958625793457e-01, -1.739508509635925293e+00, -3.711035251617431641e-01, -7.112338542938232422e-01, -8.961975574493408203e-01
8.307059407234191895e-01, 2.068767309188842773e+00, -1.810447275638580322e-01, 1.459145694971084595e-01, -1.514206886291503906e+00, 2.085925936698913574e-01, 1.139856934547424316e+00, -5.832135081291198730e-01, -9.818527698516845703e-01, 7.879898548126220703e-01
7.765986919403076172e-01, -5.943585634231567383e-01, -2.944433391094207764e-01, 1.359236687421798706e-01, -3.108645379543304443e-01, -1.002671003341674805e+00, 1.265741229057312012e+00, -5.973997712135314941e-01, 1.427917599678039551e+00, 7.766090035438537598e-01
-1.704384386539459229e-01, -9.586879611015319824e-01, -4.142990112304687500e-01, -1.242114305496215820e+00, 1.644084692001342773e+00, -1.900683492422103882e-01, -4.018969833850860596e-01, 1.001473188400268555e+00, -5.581427812576293945e-01, -1.338872592896223068e-02
2.705677449703216553e-01, 8.738701939582824707e-01, -4.790135324001312256e-01, -7.890591621398925781e-01, 9.675640463829040527e-01, 1.233389824628829956e-01, 8.159595727920532227e-01, 2.981269955635070801e-01, 1.690212786197662354e-01, -3.678965270519256592e-01
6.179912686347961426e-01, -6.339150667190551758e-01, 8.221490979194641113e-01, -4.740786552429199219e-01, -1.136394500732421875e+00, 3.076788187026977539e-01, -5.810363590717315674e-02, -1.413764476776123047e+00, 4.051268100738525391e-01, 1.559128403663635254e+00
1.278339505195617676e+00, -1.312122642993927002e-01, 1.496688008308410645e+00, -1.511069387197494507e-01, 8.914475440979003906e-01, 4.138824045658111572e-01, -1.430276870727539062e+00, 3.165812790393829346e-01, 2.201849520206451416e-01, -1.155488371849060059e+00
1.067472100257873535e+00, -7.143735885620117188e-01, -2.480052858591079712e-01, -1.177580952644348145e+00, 3.139705657958984375e-01, -9.468249678611755371e-01, 6.938414573669433594e-01, -1.658401340246200562e-01, -1.175386428833007812e+00, 4.417770802974700928e-01
3.692026138305664062e-01, 1.088814616203308105e+00, -5.617505908012390137e-01, -7.286782264709472656e-01, -4.788603186607360840e-01, -6.639861464500427246e-01, 1.819352507591247559e-01, 1.037934422492980957e+00, 7.881642878055572510e-02, -2.165064662694931030e-01
4.069007635116577148e-01, -1.929947882890701294e-01, 9.705655574798583984e-01, 7.862775921821594238e-01, 2.181695699691772461e+00, -1.266252398490905762e+00, -9.212802350521087646e-02, -4.444709420204162598e-01, 2.647593617439270020e-01, 2.409930527210235596e-01
1.342072039842605591e-01, -1.093440890312194824e+00, 6.265633106231689453e-01, 5.014410018920898438e-01, -1.589648723602294922e-01, -2.158320695161819458e-01, 1.477877020835876465e+00, 1.854630559682846069e-01, -1.971683979034423828e+00, -7.603821158409118652e-01
5.834806561470031738e-01, -4.648359417915344238e-01, 3.400565385818481445e-01, 5.190341472625732422e-01, -1.423910617828369141e+00, 5.100655253045260906e-04, 2.691658437252044678e-01, 1.350770831108093262e+00, 1.133231520652770996e+00, 2.035611271858215332e-01
-2.917180657386779785e-01, 6.509715318679809570e-02, -4.966779351234436035e-01, -1.133937478065490723e+00, -1.585548996925354004e+00, -6.936275959014892578e-02, 1.047227457165718079e-01, 3.495485484600067139e-01, -1.119951486587524414e+00, 4.415926635265350342e-01
1.025586247444152832e+00, 2.196635901927947998e-01, -7.684144973754882812e-01, 2.199000865221023560e-01, 5.312684178352355957e-02, 1.976527571678161621e-01, -3.277426064014434814e-01, 1.186692640185356140e-01, 1.006295323371887207e+00, -1.503184199333190918e+00
-4.833394289016723633e-01, 7.744123339653015137e-01, 3.179612755775451660e-01, 6.780484318733215332e-01, 1.996599316596984863e+00, 1.490839958190917969e+00, 1.255789101123809814e-01, 2.456067353487014771e-01, -8.372758328914642334e-02, 2.979792468249797821e-02
-4.795120954513549805e-01, -4.875746667385101318e-01, -5.092955380678176880e-02, 2.256536781787872314e-01, -5.712367892265319824e-01, -8.923691511154174805e-01, 1.005189061164855957e+00, -1.247583746910095215e+00, -7.760307788848876953e-01, -8.294855356216430664e-01
-1.005642414093017578e+00, -7.201130986213684082e-01, -1.072133660316467285e+00, -4.872251451015472412e-01, 1.487328052520751953e+00, -5.661567449569702148e-01, -1.314823269844055176e+00, 4.910375773906707764e-01, -3.713854402303695679e-02, -2.922611534595489502e-01
-4.958158731460571289e-01, 1.013199210166931152e+00, -1.233047604560852051e+00, 9.785875678062438965e-01, -9.049432277679443359e-01, 1.233541250228881836e+00, -2.781954705715179443e-01, -2.963541746139526367e-01, -1.071986198425292969e+00, -1.240007042884826660e+00
-3.055580258369445801e-01, 5.916452407836914062e-01, 7.646814584732055664e-01, -8.682014942169189453e-01, 1.329166442155838013e-01, 3.238204419612884521e-01, -1.333727359771728516e+00, 1.859976291656494141e+00, 1.136516928672790527e-01, -1.103434562683105469e+00
-5.339089632034301758e-01, -1.376469850540161133e+00, -8.771136403083801270e-01, -3.440441191196441650e-01, -3.942914307117462158e-01, 1.613058567047119141e+00, 4.170989394187927246e-01, -1.605241186916828156e-02, 1.833154559135437012e+00, -8.370358496904373169e-02
1.584411263465881348e+00, -2.700378298759460449e-01, -1.172527313232421875e+00, 2.729439735412597656e-01, 1.637602210044860840e+00, -6.771301627159118652e-01, -8.633733540773391724e-02, -4.566099941730499268e-01, -8.099448680877685547e-01, 1.489485055208206177e-01
-7.798793315887451172e-01, -1.126103520393371582e+00, 6.634242534637451172e-01, -3.493526279926300049e-01, -8.380138278007507324e-01, -1.061843276023864746e+00, -7.669498920440673828e-01, -7.552120089530944824e-01, 1.129586175084114075e-01, -1.460484743118286133e+00
-1.526697576045989990e-01, -2.776667773723602295e-01, 1.855297923088073730e+00, 1.623401761054992676e+00, -1.175937801599502563e-02, 1.210255980491638184e+00, -9.258253127336502075e-02, -3.441637754440307617e-01, -4.896918237209320068e-01, 5.794597789645195007e-03
-9.139160513877868652e-01, 2.670911073684692383e+00, -3.957636356353759766e-01, -4.653514921665191650e-01, -1.180845618247985840e+00, -5.004798173904418945e-01, -1.229640603065490723e+00, -3.160553053021430969e-02, 5.116632208228111267e-03, 1.851325869560241699e+00
-9.018965959548950195e-01, 5.595189332962036133e-01, -8.445484638214111328e-01, -1.107022404670715332e+00, 4.545524418354034424e-01, -3.837810829281806946e-02, 1.206053256988525391e+00, -1.079477190971374512e+00, 7.218883037567138672e-01, 1.177920937538146973e+00
1.348695755004882812e+00, -1.965094804763793945e+00, -4.480333998799324036e-02, 9.152467250823974609e-01, -1.373297929763793945e+00, 8.062685281038284302e-02, -5.129159688949584961e-01, -4.837210476398468018e-01, 1.365539193153381348e+00, 3.585524559020996094e-01
2.250886708498001099e-01, -4.949328899383544922e-01, -1.940760493278503418e+00, -2.264997720718383789e+00, 1.718676090240478516e-01, 4.501700699329376221e-01, -2.158393621444702148e+00, -2.646694183349609375e-01, -1.403524279594421387e+00, -2.187999725341796875e+00
-1.920415461063385010e-01, 1.586225986480712891e+00, 9.637830257415771484e-01, 1.462370157241821289e-01, -4.516658782958984375e-01, 2.756850719451904297e-01, -6.374051570892333984e-01, -8.515487611293792725e-02, -3.451311886310577393e-01, 4.497200548648834229e-01
-4.896261394023895264e-01, 7.406957745552062988e-01, -8.691765069961547852e-01, 2.826915085315704346e-01, -9.379708766937255859e-02, 9.452478289604187012e-01, 6.834718585014343262e-02, 6.957576423883438110e-02, -2.511579990386962891e-01, -1.799876093864440918e-01
1.089269161224365234e+00, 6.725506782531738281e-01, -1.139927148818969727e+00, -1.533869385719299316e+00, 5.288873314857482910e-01, 6.078341603279113770e-01, -1.029228687286376953e+00, 1.394477725028991699e+00, 5.682823657989501953e-01, 8.618661761283874512e-01
-6.189476847648620605e-01, -5.995759963989257812e-01, 1.327037811279296875e-01, 6.029313206672668457e-01, -1.789575666189193726e-01, -5.052602291107177734e-01, -8.423765897750854492e-01, -2.542056329548358917e-02, 2.639209508895874023e+00, -3.953152000904083252e-01
2.048377394676208496e-01, 3.450170159339904785e-01, 1.106845289468765259e-01, 1.197789311408996582e+00, -9.520764350891113281e-01, 3.268102109432220459e-01, -2.913175821304321289e-01, -4.981211125850677490e-01, 5.029655098915100098e-01, -8.809133172035217285e-01
-1.174305081367492676e+00, -2.861213684082031250e-01, -8.180097937583923340e-01, -3.477864861488342285e-01, -2.307468205690383911e-01, -3.507423400878906250e-01, -9.439814686775207520e-01, 8.065518736839294434e-02, 4.839510917663574219e-01, 5.597087144851684570e-01
2.652840316295623779e-01, 6.832888722419738770e-01, 5.231109261512756348e-01, -3.152988553047180176e-01, -1.409551143646240234e+00, -3.105298280715942383e-01, -5.650075078010559082e-01, 4.223376810550689697e-01, 1.491165637969970703e+00, -3.464049473404884338e-02
5.635040998458862305e-01, 2.028524875640869141e+00, -1.857432007789611816e+00, 3.458718657493591309e-01, -8.123798966407775879e-01, -1.376816630363464355e+00, -4.436377286911010742e-01, -6.292408108711242676e-01, 1.410105079412460327e-02, -2.765103578567504883e-01
-8.702402114868164062e-01, 1.822754979133605957e+00, -1.570278286933898926e+00, 4.859839081764221191e-01, 7.112881541252136230e-01, 2.653484940528869629e-01, 2.224803864955902100e-01, 1.128739356994628906e+00, 1.427929550409317017e-01, 1.955472677946090698e-01
-1.078608155250549316e+00, 4.437443315982818604e-01, -6.881695985794067383e-01, -6.560291051864624023e-01, 1.198467373847961426e+00, -9.605098962783813477e-01, 1.675946950912475586e+00, 9.596833586692810059e-01, -2.310881204903125763e-02, -8.540398478507995605e-01
-3.389759957790374756e-01, -4.509567916393280029e-01, -8.468757867813110352e-01, -7.645904421806335449e-01, -1.549468874931335449e+00, -3.025957345962524414e-01, -1.069180488586425781e+00, 1.344497084617614746e+00, -2.229500263929367065e-01, 1.252299070358276367e+00
4.099286794662475586e-01, 3.533750176429748535e-01, -1.647709846496582031e+00, 3.867343664169311523e-01, -1.376576900482177734e+00, 5.745110511779785156e-01, 5.927371382713317871e-01, -2.433291673660278320e-01, 1.011315345764160156e+00, 2.257770150899887085e-01
-1.448310762643814087e-01, -8.250810950994491577e-02, -1.210496783256530762e+00, -1.571439504623413086e+00, 1.355846785008907318e-02, -1.422691792249679565e-01, 2.243602871894836426e-01, -3.237271010875701904e-01, 5.804645270109176636e-02, 5.702277421951293945e-01
9.745869636535644531e-01, -1.497396707534790039e+00, 3.447973728179931641e-01, -8.143639564514160156e-01, -1.593156099319458008e+00, 7.930103540420532227e-01, -8.560738712549209595e-02, -3.584839701652526855e-01, 8.714697957038879395e-01, 5.241984128952026367e-01
-8.649044632911682129e-01, 1.425771951675415039e+00, -1.064710259437561035e+00, 4.410330355167388916e-01, -3.125033378601074219e-01, -5.575183033943176270e-01, -1.980430841445922852e+00, -3.745253682136535645e-01, 8.131821751594543457e-01, -2.443513274192810059e-01
-5.772019028663635254e-01, 2.772508859634399414e-01, -6.889564990997314453e-01, -1.930158257484436035e+00, -1.812345087528228760e-01, -6.758140772581100464e-02, 7.447225451469421387e-01, -6.630235314369201660e-01, -1.467439770698547363e+00, 5.210167169570922852e-01
-1.054166913032531738e+00, 1.231173992156982422e+00, -2.023409307003021240e-01, 9.223173856735229492e-01, 9.459325075149536133e-01, 6.096867322921752930e-01, -1.788194924592971802e-01, -1.475848555564880371e-01, -1.012288093566894531e+00, 1.080485582351684570e-01
-5.292057394981384277e-01, -2.225204408168792725e-01, 1.690227508544921875e+00, -2.647826969623565674e-01, 3.634760975837707520e-01, -1.045906424522399902e+00, 7.463009357452392578e-01, -1.629142761230468750e-01, -1.642188727855682373e-01, -4.582373797893524170e-01
2.808846831321716309e-01, -1.519213914871215820e+00, -5.921214818954467773e-01, -1.201091885566711426e+00, -1.973855376243591309e+00, -3.952653706073760986e-01, 2.242801152169704437e-02, -5.264234542846679688e-01, 4.377823770046234131e-01, 2.513564229011535645e-01
1.444681525230407715e+00, -1.394447684288024902e-01, 8.771874010562896729e-02, 4.666220843791961670e-01, -5.225622057914733887e-01, 8.821526914834976196e-02, 1.185681343078613281e+00, -6.880832314491271973e-01, 1.272405028343200684e+00, 2.006141901016235352e+00
4.428187012672424316e-01, 1.040567040443420410e+00, -7.361655831336975098e-01, 1.320207118988037109e+00, 3.309275954961776733e-02, 2.178322672843933105e-01, -1.706070065498352051e+00, 4.752528965473175049e-01, -1.805716194212436676e-02, -5.910189151763916016e-01
-1.668590307235717773e-02, -5.081202983856201172e-01, -5.619820579886436462e-02, -8.768575191497802734e-01, -6.900301575660705566e-01, -1.119599819183349609e+00, 4.764502122998237610e-02, -6.376472711563110352e-01, -1.436732769012451172e+00, -6.864938139915466309e-01
7.312604784965515137e-01, -7.668169140815734863e-01, -8.518047928810119629e-01, 4.208930730819702148e-01, -3.400287330150604248e-01, -5.443492531776428223e-01, -7.654632925987243652e-01, -3.031848907470703125e+00, 1.637743711471557617e+00, -1.457051038742065430e+00
1.804999411106109619e-01, 5.600253120064735413e-02, 1.266921013593673706e-01, 6.822676211595535278e-02, -1.088223457336425781e+00, -4.381181895732879639e-01, -4.902719855308532715e-01, -8.434789776802062988e-01, 3.382213115692138672e-01, 1.559015512466430664e-01
-1.863143920898437500e+00, 7.838255167007446289e-02, 6.661816835403442383e-01, 1.899629950523376465e+00, 1.177910268306732178e-01, -8.548503518104553223e-01, 6.159740686416625977e-01, 9.227195382118225098e-01, 9.361082687973976135e-03, -9.250387549400329590e-01
3.196468055248260498e-01, -5.961521863937377930e-01, 1.420507907867431641e+00, 1.210989356040954590e+00, -1.307553350925445557e-01, -1.188240051269531250e-01, 3.234512805938720703e-01, -6.220542788505554199e-01, -1.627177596092224121e+00, -3.024355471134185791e-01
4.860897660255432129e-01, 7.272282242774963379e-01, -7.855482399463653564e-02, 1.611091971397399902e+00, 6.002533435821533203e-01, -2.635851204395294189e-01, -2.429321780800819397e-02, 1.894707530736923218e-01, 2.463869750499725342e-02, 6.040425300598144531e-01
-1.448285698890686035e+00, 7.880194187164306641e-01, -6.545102000236511230e-01, -3.957780897617340088e-01, 2.188687175512313843e-01, -8.777786493301391602e-01, 2.122368574142456055e+00, -5.286027789115905762e-01, -6.594703197479248047e-01, 2.543531060218811035e-01
-2.403536140918731689e-01, 1.624715775251388550e-01, 7.041763663291931152e-01, 1.890225529670715332e+00, 2.898559272289276123e-01, -1.526553750038146973e+00, -7.311775088310241699e-01, -9.327593445777893066e-01, -1.014111280441284180e+00, -1.896789520978927612e-01
-4.807294011116027832e-01, 1.475020945072174072e-01, 2.782614231109619141e+00, -9.900611639022827148e-01, 1.003792643547058105e+00, -1.069627761840820312e+00, -4.328586757183074951e-01, -7.065674662590026855e-01, 1.604487419128417969e+00, 4.701707959175109863e-01
-6.676174998283386230e-01, -1.411337703466415405e-01, 9.080101549625396729e-02, 3.206951022148132324e-01, -1.321597695350646973e-01, 6.073757410049438477e-01, 1.110872030258178711e+00, -1.516579985618591309e+00, -6.298395395278930664e-01, 8.804987668991088867e-01
-1.037099719047546387e+00, -7.305084466934204102e-01, 1.349963068962097168e+00, 2.275401167571544647e-02, 4.075558111071586609e-02, -6.949739456176757812e-01, -7.048530578613281250e-01, -1.339720189571380615e-01, -1.171858310699462891e+00, -1.056735888123512268e-01
