2.597534358501434326e-01, 1.414962887763977051e+00, -5.737962722778320312e-01, 9.552757143974304199e-01, 6.807377338409423828e-01, 1.348699212074279785e+00, 1.511658579111099243e-01, 1.130182981491088867e+00, -5.997439622879028320e-01, -5.618011355400085449e-01
8.533209562301635742e-01, -1.051109671592712402e+00, 8.503124713897705078e-01, 4.200364351272583008e-01, -6.209712028503417969e-01, -1.190363764762878418e+00, 5.472211837768554688e-01, 3.574370443820953369e-01, -1.069289922714233398e+00, -7.164704203605651855e-01
-1.737683415412902832e-01, 2.125909328460693359e-01, -2.049580775201320648e-02, -8.106815218925476074e-01, 9.090698957443237305e-01, 3.843532800674438477e-01, 7.450057268142700195e-01, -7.087826132774353027e-01, 1.228272438049316406e+00, -8.075683712959289551e-01
-4.059349596500396729e-01, -1.840519428253173828e+00, -9.073189496994018555e-01, 3.530830517411231995e-02, -1.134899735450744629e+00, -1.363239884376525879e+00, 1.015356779098510742e-01, 6.059914231300354004e-01, -1.301100015640258789e+00, -1.273678302764892578e+00
1.153763890266418457e+00, 2.239086776971817017e-01, 6.984977051615715027e-03, 1.557999849319458008e+00, -2.184948921203613281e-01, -2.575133927166461945e-02, 8.964017033576965332e-01, 1.293995857238769531e+00, 1.229106545448303223e+00, -8.732485026121139526e-02
-9.274873733520507812e-01, 6.244491338729858398e-01, 5.709479451179504395e-01, -1.970433294773101807e-01, -7.396139502525329590e-01, 5.783420801162719727e-01, -1.125047683715820312e+00, -1.138269063085317612e-02, 6.828565001487731934e-01, -1.420307606458663940e-01
1.961479544639587402e+00, 2.566692829132080078e-01, 1.918356567621231079e-01, -1.095906734466552734e+00, 1.097366511821746826e-01, -1.998122215270996094e+00, -1.605523824691772461e+00, -1.103289127349853516e+00, -3.796231746673583984e-01, 3.026091456413269043e-01
-2.670406997203826904e-01, 1.492383003234863281e+00, -1.498419404029846191e+00, -5.065489411354064941e-01, -4.787513017654418945e-01, 8.678109049797058105e-01, 7.662566304206848145e-01, 4.654062092304229736e-01, 1.022145509719848633e+00, -1.086137294769287109e+00
3.354699909687042236e-01, 7.663455326110124588e-03, 4.235222935676574707e-01, -6.788929551839828491e-02, 1.101226091384887695e+00, -2.569352686405181885e-01, 5.610521435737609863e-01, 5.539491772651672363e-01, -2.806715965270996094e-01, 1.973400354385375977e+00
-3.449695110321044922e-01, -7.763085365295410156e-01, 2.004933357238769531e+00, -9.406569004058837891e-01, 7.736068964004516602e-01, -2.808014154434204102e-01, 1.557871460914611816e+00, 1.017085433006286621e+00, -8.218887448310852051e-01, -9.002242088317871094e-01
9.154963493347167969e-01, -8.852515220642089844e-01, 1.937135219573974609e+00, -1.435114502906799316e+00, 1.988382488489151001e-01, 2.634592354297637939e-01, -7.020008563995361328e-02, -1.294893585145473480e-02, 2.875379025936126709e-01, 1.173531413078308105e+00
-3.365868031978607178e-01, -1.720505207777023315e-01, 1.376479268074035645e+00, 6.307612657546997070e-01, -1.359875202178955078e+00, 1.225426673889160156e+00, -4.913466423749923706e-02, -1.050977706909179688e+00, -3.322677686810493469e-02, 4.396792650222778320e-01
1.325124967843294144e-02, 5.772644877433776855e-01, 1.441907405853271484e+00, 3.828091919422149658e-01, 3.494632244110107422e-01, 5.712829232215881348e-01, -2.762424051761627197e-01, 2.702893912792205811e-01, -1.020473480224609375e+00, 2.194833569228649139e-02
-1.195543050765991211e+00, 8.163496255874633789e-01, 8.758779168128967285e-01, -1.831794977188110352e+00, -1.392309069633483887e+00, 6.215594410896301270e-01, -2.388556599617004395e-01, 5.572171211242675781e-01, -1.097049117088317871e+00, 1.388559341430664062e-01
-2.609375417232513428e-01, -5.796082019805908203e-01, -2.004553556442260742e+00, -6.480088233947753906e-01, -3.577843308448791504e-01, -5.770041346549987793e-01, 3.635938465595245361e-01, -4.632061813026666641e-03, 5.188851356506347656e-01, 1.404259204864501953e+00
-1.147305011749267578e+00, -8.918802142143249512e-01, 9.600894451141357422e-01, -1.362745046615600586e+00, -2.315627783536911011e-01, 3.223969042301177979e-02, 6.323388814926147461e-01, 6.923992931842803955e-02, -3.290155827999114990e-01, -7.883582115173339844e-01
-8.891066908836364746e-01, 3.869158923625946045e-01, 1.067073822021484375e+00, -1.225922942161560059e+00, 5.082397460937500000e-01, 2.419375628232955933e-01, 6.232988238334655762e-01, -2.089684724807739258e+00, 5.929892659187316895e-01, -3.276915252208709717e-01
3.479499220848083496e-01, 8.500645160675048828e-01, 4.890082478523254395e-01, 2.839034199714660645e-01, 1.168888926506042480e+00, 4.572450518608093262e-01, 2.425841093063354492e-01, 2.692348957061767578e-01, 1.491306066513061523e+00, -1.482643008232116699e+00
5.578603744506835938e-01, -5.899424552917480469e-01, 3.865291178226470947e-02, -1.627105951309204102e+00, -6.068490147590637207e-01, 2.947902977466583252e-01, -3.978030085563659668e-01, -5.496956706047058105e-01, -2.207898855209350586e+00, -1.793112047016620636e-02
-4.978103339672088623e-01, -2.200092673301696777e-01, -3.880697488784790039e-01, -7.790911793708801270e-01, 3.450827673077583313e-02, -8.977251052856445312e-01, -5.342872142791748047e-01, 9.659655690193176270e-01, -2.289667606353759766e+00, -4.959880113601684570e-01
-1.146687150001525879e+00, 3.733738884329795837e-02, 1.070644259452819824e+00, -7.305779494345188141e-03, 4.601337909698486328e-01, -6.630368232727050781e-01, -1.156038120388984680e-01, -4.950778782367706299e-01, -1.836968421936035156e+00, -9.930112957954406738e-01
8.439824581146240234e-01, 1.268996715545654297e+00, 8.477247357368469238e-01, -7.337517738342285156e-01, 1.877143830060958862e-01, -7.684466242790222168e-02, 3.309181928634643555e-01, 3.569445312023162842e-01, -3.976838588714599609e-01, -3.165599107742309570e-01
8.111987709999084473e-01, -2.607719302177429199e-01, -1.342806220054626465e+00, 6.503034383058547974e-02, 4.950395822525024414e-01, 1.910104006528854370e-01, 4.985314607620239258e-01, 1.224894404411315918e+00, 2.103220373392105103e-01, -5.544713139533996582e-01
-1.841675192117691040e-01, 1.422206759452819824e+00, 3.598681390285491943e-01, 8.174083828926086426e-01, -1.186147034168243408e-01, 4.007867872714996338e-01, -1.937797516584396362e-01, 5.270157754421234131e-02, -1.766967028379440308e-01, -5.217216014862060547e-01
6.130167245864868164e-01, 1.443828821182250977e+00, 1.936824917793273926e-01, 9.410334229469299316e-01, 9.152161478996276855e-01, 1.190128624439239502e-01, 1.686947703361511230e+00, -5.395126938819885254e-01, 3.628941178321838379e-01, -1.062837123870849609e+00
6.405822038650512695e-01, 1.232431173324584961e+00, 1.912707835435867310e-01, 6.830866336822509766e-01, -5.436785817146301270e-01, 2.628865242004394531e-01, -1.432390213012695312e-01, -5.328976511955261230e-01, -3.647025227546691895e-01, -4.234139919281005859e-01
-1.403925299644470215e+00, 3.236949741840362549e-01, -1.993275880813598633e+00, -6.399453878402709961e-01, -3.332959413528442383e-01, -1.135381460189819336e-01, -2.778530120849609375e-01, -1.680165380239486694e-01, -9.645828604698181152e-02, -1.987758874893188477e-01
-3.474714756011962891e-01, -7.492889165878295898e-01, -4.230235517024993896e-01, 2.059514522552490234e-01, -7.082019001245498657e-02, 1.367456674575805664e+00, 4.337500333786010742e-01, 2.444942854344844818e-02, 2.692765593528747559e-01, -3.426751494407653809e-01
3.012146949768066406e-01, -1.686393618583679199e-01, 8.726100325584411621e-01, -7.793350219726562500e-01, -7.898507118225097656e-01, 5.148784518241882324e-01, 8.562012314796447754e-01, -1.578570604324340820e+00, -1.676411747932434082e+00, -1.670995712280273438e+00
3.984989523887634277e-01, 1.053020477294921875e+00, 6.173935532569885254e-01, 6.033191084861755371e-01, 2.257559150457382202e-01, -1.034877538681030273e+00, -1.350124120712280273e+00, -1.143557786941528320e+00, 1.083788275718688965e+00, -3.046000003814697266e-01
-5.067576169967651367e-01, -8.148266077041625977e-01, 4.255065619945526123e-01, -2.043112993240356445e+00, 6.870594620704650879e-01, -6.035909652709960938e-01, 5.375602245330810547e-01, -3.311949968338012695e-01, 9.736641496419906616e-02, 5.241979956626892090e-01
2.371331900358200073e-01, -1.256660819053649902e+00, -1.016374468803405762e+00, 1.149585723876953125e+00, -1.302454233169555664e+00, 7.787849903106689453e-01, 6.250424385070800781e-01, -1.156109929084777832e+00, -1.515675306320190430e+00, 1.577674448490142822e-01
-5.723016858100891113e-01, -1.128824234008789062e+00, -1.060700774192810059e+00, -1.755079269409179688e+00, 3.408949077129364014e-01, 1.340236783027648926e+00, -8.702726364135742188e-01, 1.053398251533508301e+00, -7.951812148094177246e-01, 6.891177501529455185e-03
-1.704984426498413086e+00, 1.069713085889816284e-01, 2.957043945789337158e-01, 1.765250116586685181e-01, -1.393462121486663818e-01, 5.421258807182312012e-01, 2.008849382400512695e+00, -1.185257196426391602e+00, 1.158586621284484863e+00, 2.295731753110885620e-01
-2.293264389038085938e+00, -1.000260829925537109e+00, -1.527453303337097168e+00, -1.193365693092346191e+00, 7.204732894897460938e-01, 1.372976064682006836e+00, 5.127792358398437500e-01, 3.903624713420867920e-01, 8.246875405311584473e-01, 1.828221678733825684e+00
-9.038921594619750977e-01, 9.087652564048767090e-01, -7.859556674957275391e-01, 8.310853838920593262e-01, -7.895474433898925781e-01, 9.479627013206481934e-01, 3.994640409946441650e-01, 1.640951931476593018e-01, 1.579654365777969360e-01, 1.008910417556762695e+00
5.322105884552001953e-01, -1.299002766609191895e+00, 7.151899933815002441e-01, 1.188206553459167480e+00, -2.613066434860229492e-01, 5.333455204963684082e-01, 5.433199405670166016e-01, 1.906224250793457031e+00, 5.167291760444641113e-01, -8.633592724800109863e-01
1.379997283220291138e-01, -2.749264240264892578e-01, 2.649253308773040771e-01, 1.809416413307189941e-01, -1.013315200805664062e+00, -1.199698209762573242e+00, -8.897845745086669922e-01, -4.073671102523803711e-01, -4.496466219425201416e-01, 6.276410818099975586e-02
-1.859424710273742676e+00, 2.838586866855621338e-01, -3.339825198054313660e-02, 3.327585458755493164e-01, 2.426764965057373047e-01, 2.778528630733489990e-01, 1.120445489883422852e+00, 8.806440234184265137e-01, -5.790311694145202637e-01, 1.696292459964752197e-01
-6.507677435874938965e-01, -4.592279791831970215e-01, 1.651132225990295410e+00, -2.669557332992553711e-01, -1.032406464219093323e-01, -2.903338968753814697e-01, 5.845767855644226074e-01, 1.786794811487197876e-01, -6.709631681442260742e-01, 1.558807492256164551e-01
-6.039928793907165527e-01, -3.752147555351257324e-01, -1.308834075927734375e+00, -6.052343249320983887e-01, -1.518488883972167969e+00, 8.361845016479492188e-01, 2.298672437667846680e+00, -1.565231941640377045e-02, -1.965627789497375488e+00, -6.031251549720764160e-01
1.038778305053710938e+00, -6.893352270126342773e-01, 7.234158515930175781e-01, -1.966537209227681160e-03, 1.508208364248275757e-01, 9.868590235710144043e-01, -6.635281443595886230e-01, 1.559232115745544434e+00, 9.918990731239318848e-01, 2.982503473758697510e-01
7.667223811149597168e-01, 1.534471035003662109e+00, -3.455496206879615784e-02, -2.159131616353988647e-01, 1.709131479263305664e+00, 4.920506775379180908e-01, 8.739060163497924805e-02, 2.033027648925781250e+00, -4.977667033672332764e-01, 9.588462114334106445e-01
-4.639765918254852295e-01, 3.704802691936492920e-01, 7.024734020233154297e-01, -1.785734415054321289e+00, -2.802596092224121094e-01, 1.217358827590942383e+00, -5.930267572402954102e-01, -3.633884787559509277e-01, 5.974694490432739258e-01, 4.393081367015838623e-01
-1.729509383440017700e-01, 2.104138284921646118e-01, 1.687234997749328613e+00, -5.762814879417419434e-01, 1.236426830291748047e-01, -4.159713387489318848e-01, 1.033910870552062988e+00, -2.792025208473205566e-01, -7.990258932113647461e-01, -2.988351583480834961e-01
3.620092272758483887e-01, -8.154085874557495117e-01, 4.859510958194732666e-01, -2.391082793474197388e-01, 7.217701673507690430e-01, 5.560195446014404297e-01, 8.492878079414367676e-01, -1.009742021560668945e+00, 5.678382515907287598e-01, 2.591331899166107178e-01
-9.844778180122375488e-01, -9.318802952766418457e-01, -3.102203011512756348e-01, -8.261369466781616211e-01, -8.728709220886230469e-01, -1.389465689659118652e+00, -7.507854104042053223e-01, -5.284721255302429199e-01, 1.268143653869628906e-01, -5.571200847625732422e-01
4.812425971031188965e-01, -6.823834776878356934e-01, 1.714643836021423340e+00, 2.612758278846740723e-01, -1.168751358985900879e+00, 1.598194390535354614e-01, 7.711517214775085449e-01, 7.460010051727294922e-01, 1.649920463562011719e+00, 1.459735989570617676e+00
-4.800721108913421631e-01, 2.409889698028564453e-01, -9.442627429962158203e-01, -1.520705938339233398e+00, -8.054209351539611816e-01, -8.643725514411926270e-01, 2.050009965896606445e+00, -1.267323549836874008e-02, -1.142415881156921387e+00, -1.148852944374084473e+00
2.589260637760162354e-01, -1.839463233947753906e+00, -2.171892374753952026e-01, 8.184926509857177734e-01, -2.084657192230224609e+00, 1.565762460231781006e-01, 3.468329906463623047e-01, 4.733736813068389893e-01, -2.551574110984802246e-01, -1.412984490394592285e+00
-1.140044450759887695e+00, 1.354930102825164795e-01, -1.609095215797424316e+00, 3.194040060043334961e-01, 6.167085841298103333e-03, 1.280248910188674927e-01, 3.003478050231933594e-01, -1.437993198633193970e-01, -1.124041527509689331e-01, -3.693608045578002930e-01
-5.370458960533142090e-01, -4.185090065002441406e-01, 8.923311829566955566e-01, 1.188065856695175171e-01, 9.616193771362304688e-01, 7.419604063034057617e-01, -1.726888678967952728e-02, 6.002295613288879395e-01, 4.522515460848808289e-02, 1.106235384941101074e-01
-1.006224155426025391e+00, -1.138761878013610840e+00, 3.044175505638122559e-01, 9.929574728012084961e-01, -3.119773566722869873e-01, 1.834487557411193848e+00, 1.300569415092468262e+00, 4.202398955821990967e-01, -8.790690302848815918e-01, -6.402803659439086914e-01
1.574385315179824829e-01, 1.650176286697387695e+00, 3.468418419361114502e-01, 3.132486939430236816e-01, 9.845800399780273438e-01, 6.683043241500854492e-01, -8.107894659042358398e-01, -1.517972201108932495e-01, 7.145132422447204590e-01, 1.709105491638183594e+00
6.600392609834671021e-02, -1.428675770759582520e+00, 3.796481490135192871e-01, 1.502988815307617188e+00, 2.436912208795547485e-01, -7.917286753654479980e-01, -1.481362342834472656e+00, -5.397789478302001953e-01, -6.735096126794815063e-02, -8.493604063987731934e-01
-1.081386089324951172e+00, -3.037746548652648926e-01, -5.509399771690368652e-01, 5.038974881172180176e-01, 4.107919633388519287e-01, -3.495790660381317139e-01, 3.423807024955749512e-02, 3.134610876441001892e-02, 1.326127052307128906e-01, -6.585422754287719727e-01
-3.513855934143066406e-01, 1.050022169947624207e-01, -5.203237533569335938e-01, 3.317275345325469971e-01, -4.352476000785827637e-01, -2.321728169918060303e-01, 9.366253763437271118e-02, 5.842350125312805176e-01, -2.341827750205993652e-01, -1.075519204139709473e+00
1.909417510032653809e-01, 1.022152781486511230e+00, -4.340680837631225586e-01, -6.795012950897216797e-01, 5.352076888084411621e-01, 8.425155878067016602e-01, 1.627534985542297363e+00, -6.840337514877319336e-01, 4.095222949981689453e-01, 7.878856658935546875e-01
9.305119514465332031e-02, -9.319391846656799316e-01, 3.520675003528594971e-01, -8.601611852645874023e-01, 1.631979346275329590e+00, 5.793649703264236450e-02, 6.191092133522033691e-01, 9.451237916946411133e-01, 5.472015738487243652e-01, -4.661375284194946289e-01
7.648434638977050781e-01, 3.803544640541076660e-01, 6.567931771278381348e-01, 1.832691282033920288e-01, -3.604625165462493896e-01, -5.002677440643310547e-01, 1.411840081214904785e+00, -8.948172330856323242e-01, 6.146475076675415039e-01, 1.094696164131164551e+00
4.123637452721595764e-02, 5.436630845069885254e-01, -4.184299111366271973e-01, 1.915927529335021973e+00, 7.723556458950042725e-02, 6.941062211990356445e-01, 1.360275000333786011e-01, -1.428736925125122070e+00, -2.179768830537796021e-01, -2.104963302612304688e+00
6.528277695178985596e-02, -1.101068973541259766e+00, 3.267969191074371338e-02, 1.854258179664611816e-01, -3.301296532154083252e-01, -3.532381653785705566e-01, 7.907323241233825684e-01, 1.196068644523620605e+00, -6.328279972076416016e-01, -4.485155045986175537e-01
9.594877362251281738e-01, -1.472717523574829102e-01, -3.146068751811981201e-01, -1.425678610801696777e+00, 1.669387817382812500e+00, -1.395361304283142090e+00, -2.081271260976791382e-01, 8.630227446556091309e-01, -9.889211058616638184e-01, 3.959738016128540039e-01
-5.196478962898254395e-01, -3.203662931919097900e-01, -1.254087805747985840e+00, -4.816158860921859741e-02, -9.146802425384521484e-01, -7.864893674850463867e-01, 9.529928863048553467e-02, 4.058153927326202393e-01, 4.358988702297210693e-01, -2.099759340286254883e+00
-2.603442668914794922e-01, 3.309238553047180176e-01, 7.468395829200744629e-01, 1.034206628799438477e+00, -3.169328570365905762e-01, 4.959420263767242432e-01, -5.226926803588867188e-01, -6.824011802673339844e-01, 3.412251770496368408e-01, 2.571599781513214111e-01
1.231465220451354980e+00, -2.318137407302856445e+00, 9.599926471710205078e-01, 8.747879862785339355e-01, -3.492911159992218018e-01, 6.951805949211120605e-01, -1.742859005928039551e+00, -1.202203035354614258e+00, -1.131164550781250000e+00, 9.124020338058471680e-01
8.524446748197078705e-03, -6.202883124351501465e-01, 1.686724573373794556e-01, -7.952690720558166504e-01, -1.183377299457788467e-02, 6.437596082687377930e-01, 5.111985802650451660e-01, 8.039824664592742920e-02, 3.678958714008331299e-01, -1.185342192649841309e+00
-3.254640996456146240e-01, 4.224089384078979492e-01, -3.653701841831207275e-01, -7.063488960266113281e-01, 5.135574936866760254e-01, 1.415412545204162598e+00, -1.776091217994689941e+00, 3.864078819751739502e-01, -7.117001414299011230e-01, -2.746350597590208054e-03
1.590530753135681152e+00, 3.606626391410827637e-01, -1.794506236910820007e-02, -5.885778069496154785e-01, 6.781599521636962891e-01, -3.820542693138122559e-01, -7.772940397262573242e-01, -7.060993909835815430e-01, 7.109085321426391602e-01, 1.038287997245788574e+00
5.564273595809936523e-01, 2.625375092029571533e-01, -9.645996093750000000e-01, 1.716849923133850098e+00, 5.337193012237548828e-01, 1.462799072265625000e+00, 3.862883448600769043e-01, -1.284803271293640137e+00, -4.864723384380340576e-01, -2.337150126695632935e-01
6.180878877639770508e-01, 3.972419500350952148e-01, -1.178711891174316406e+00, 7.601137161254882812e-01, -1.838707089424133301e+00, 1.565648615360260010e-01, -4.923740029335021973e-01, -6.186283230781555176e-01, 8.066952228546142578e-01, 1.246146440505981445e+00
8.607361316680908203e-01, -4.723599851131439209e-01, 9.145557284355163574e-01, -1.064321756362915039e+00, -1.256598830223083496e-01, -2.254219532012939453e+00, 9.827480465173721313e-02, 1.199736148118972778e-01, 8.451756089925765991e-02, -4.852307736873626709e-01
-1.616689801216125488e+00, -2.444273233413696289e+00, 3.735085725784301758e-01, 3.140575289726257324e-01, 7.492061704397201538e-02, 9.653668999671936035e-01, 6.729748845100402832e-01, -4.656873643398284912e-02, 8.647423982620239258e-02, -6.768030524253845215e-01
1.501561403274536133e+00, 1.671020984649658203e-01, -9.265293180942535400e-02, -1.272587031126022339e-01, 5.187963247299194336e-01, 7.762467265129089355e-01, -1.062939286231994629e+00, -3.063036501407623291e-01, 1.216058954596519470e-01, -4.144448339939117432e-01
-3.244436383247375488e-01, -6.218710169196128845e-02, 3.871131539344787598e-01, -3.346593379974365234e-01, 1.991503685712814331e-01, -1.916136741638183594e-01, -2.596819996833801270e-01, 7.162764668464660645e-01, 2.416960895061492920e-01, 9.584444016218185425e-02
-1.068257093429565430e+00, -1.461633205413818359e+00, -2.331190556287765503e-02, 1.841757416725158691e+00, -6.790829896926879883e-01, 1.131043195724487305e+00, -9.829187393188476562e-01, 4.716868400573730469e-01, 2.641528367996215820e+00, 3.116658926010131836e-01
1.768257655203342438e-02, 1.657665371894836426e+00, -6.825195550918579102e-01, -4.371258914470672607e-01, -1.434932589530944824e+00, 1.237319350242614746e+00, 4.744839072227478027e-01, 2.350379943847656250e+00, 2.126929759979248047e+00, 8.590013533830642700e-02
-3.264276385307312012e-01, -5.939687490463256836e-01, -8.077369928359985352e-01, 1.517604351043701172e+00, 1.148245811462402344e+00, -1.796073198318481445e+00, 1.539216637611389160e+00, -1.133163571357727051e+00, -1.049108505249023438e+00, 9.988335371017456055e-01
4.602080881595611572e-01, -1.794245690107345581e-01, 2.916435599327087402e-01, 1.441319942474365234e+00, -1.193810224533081055e+00, 1.061399459838867188e+00, -6.350418329238891602e-01, -1.794112473726272583e-01, -5.499132275581359863e-01, -1.150890827178955078e+00
-1.636342555284500122e-01, 1.609425306320190430e+00, -3.208566308021545410e-01, 7.303211688995361328e-01, 3.059662282466888428e-01, -1.507177710533142090e+00, 7.416536808013916016e-01, 9.346597790718078613e-01, 6.291790008544921875e-01, -2.669539749622344971e-01
7.958306670188903809e-01, 6.874945163726806641e-01, -7.908250093460083008e-01, 3.217727839946746826e-01, -1.066999793052673340e+00, 6.644637584686279297e-01, 1.226089820265769958e-01, -1.586510419845581055e+00, 1.903681278228759766e+00, -3.197145760059356689e-01
-1.013884305953979492e+00, -1.660127997398376465e+00, -7.240334153175354004e-01, -2.331579774618148804e-01, -7.771360278129577637e-01, 1.077743470668792725e-01, -6.365619897842407227e-01, -1.471618294715881348e+00, -8.325033187866210938e-01, 1.425152659416198730e+00
4.484744369983673096e-01, -7.480592727661132812e-01, -6.465554237365722656e-01, 4.584830999374389648e-01, 2.446589231491088867e+00, -6.762005090713500977e-01, 6.516338586807250977e-01, 1.183757424354553223e+00, 7.606345415115356445e-01, 3.296641409397125244e-01
-4.459246098995208740e-01, 1.251596927642822266e+00, -6.904972791671752930e-01, 7.775508761405944824e-01, 2.377416193485260010e-02, -7.063950300216674805e-01, 1.002924799919128418e+00, -1.989467293024063110e-01, 1.060613632202148438e+00, 3.702980875968933105e-01
-9.519087672233581543e-01, 2.361948728561401367e+00, 6.416555643081665039e-01, -3.122448921203613281e-02, -2.465663433074951172e+00, 1.957017183303833008e-02, 1.637091517448425293e+00, 8.087041378021240234e-01, 1.429436445236206055e+00, 1.503268480300903320e+00
1.161699533462524414e+00, -1.097025990486145020e+00, 4.018411338329315186e-01, -1.665124416351318359e+00, 1.761483103036880493e-01, -7.424805760383605957e-01, 3.459768593311309814e-01, -7.949373722076416016e-01, -7.200940251350402832e-01, 1.902864456176757812e+00
6.416785120964050293e-01, -1.676873087882995605e+00, -4.952186048030853271e-01, 2.329645007848739624e-01, -3.753227740526199341e-02, 1.339334994554519653e-01, -5.466066002845764160e-01, -1.429604887962341309e-01, 5.496670603752136230e-01, 1.592077255249023438e+00
5.268697142601013184e-01, 5.022408962249755859e-01, 5.127323865890502930e-01, 7.934311032295227051e-01, 1.250103831291198730e+00, 6.033942103385925293e-01, -3.970319032669067383e-01, -2.317011505365371704e-01, -2.512333095073699951e-01, -6.624097824096679688e-01
-6.502036452293395996e-01, 4.254477024078369141e-01, 7.276759147644042969e-01, 6.780812740325927734e-01, -3.116492629051208496e-01, 3.008533082902431488e-02, -8.181430399417877197e-02, -6.919196248054504395e-01, -4.399161934852600098e-01, -1.404097199440002441e+00
1.950823068618774414e-01, -1.193665862083435059e+00, -4.457601904869079590e-02, -5.275455713272094727e-01, -4.284178912639617920e-01, -7.521761655807495117e-01, -3.173348009586334229e-01, -1.235879361629486084e-01, -5.077078342437744141e-01, -1.194756329059600830e-01
-9.965874552726745605e-01, 5.942145586013793945e-01, 7.119867205619812012e-01, 4.244793355464935303e-01, 1.637778043746948242e+00, -1.150141954421997070e+00, 1.290386557579040527e+00, -1.702162861824035645e+00, -2.554118335247039795e-01, 8.574836850166320801e-01
-2.556867897510528564e-01, 9.444078207015991211e-01, 5.870779231190681458e-02, 6.207105144858360291e-02, 9.230545908212661743e-02, -1.959975361824035645e+00, -8.714386224746704102e-01, -1.212562322616577148e+00, -4.873488843441009521e-01, -2.502825498580932617e+00
-2.183886766433715820e+00, 2.109896659851074219e+00, -6.726273894309997559e-01, -8.050473928451538086e-01, 1.453073263168334961e+00, 1.202731370925903320e+00, 4.778786897659301758e-01, -6.126227378845214844e-01, -1.470764130353927612e-01, -1.227235436439514160e+00
-6.715204715728759766e-01, -1.186644196510314941e+00, -2.427709996700286865e-01, -2.766173183917999268e-01, 3.298228085041046143e-01, 1.326162964105606079e-01, -2.043843984603881836e+00, 5.945862531661987305e-01, 8.022861480712890625e-01, 9.742527604103088379e-01
8.763647675514221191e-01, -2.502570152282714844e-01, 1.534791350364685059e+00, -1.655829071998596191e+00, 8.458269387483596802e-02, -5.988487005233764648e-01, 8.902442455291748047e-01, 1.605810075998306274e-01, 7.597273588180541992e-01, 2.603348791599273682e-01
8.821316957473754883e-01, 8.479006290435791016e-01, 1.501127243041992188e+00, -6.210445165634155273e-01, -1.428775191307067871e+00, 9.994997829198837280e-02, -1.143621087074279785e+00, 1.997129201889038086e+00, -7.996960729360580444e-02, -1.327872037887573242e+00
1.079442739486694336e+00, -2.205086946487426758e+00, -8.207087218761444092e-02, 6.294090151786804199e-01, 1.701312065124511719e+00, -1.418634295463562012e+00, 4.135306775569915771e-01, -2.972841821610927582e-02, 1.727129817008972168e+00, 3.197218477725982666e-01
-3.579711914062500000e-01, 1.094397664070129395e+00, -5.020654201507568359e-01, -1.744332075119018555e+00, -1.190688014030456543e+00, -1.514200448989868164e+00, -2.057188451290130615e-01, -1.800929307937622070e-01, -5.554467812180519104e-02, 2.014827728271484375e+00
-9.842721223831176758e-01, -3.727237880229949951e-01, -3.891960978507995605e-01, -6.202791333198547363e-01, -6.820326447486877441e-01, 4.754104316234588623e-01, -9.940038323402404785e-01, -6.089934706687927246e-01, -1.807467937469482422e+00, 1.214354753494262695e+00
3.917298093438148499e-02, -5.006918311119079590e-01, 7.814790606498718262e-01, -7.167543172836303711e-01, -1.447378039360046387e+00, -4.295464605093002319e-03, 5.147764086723327637e-01, -1.756221950054168701e-01, 2.944588363170623779e-01, -3.458774387836456299e-01
1.195587754249572754e+00, 1.097419619560241699e+00, -2.719827927649021149e-02, 5.958310961723327637e-01, -2.317701578140258789e+00, -1.782775640487670898e+00, -1.381394624710083008e+00, 9.077216982841491699e-01, 1.303605675697326660e+00, -1.512579560279846191e+00
9.845993518829345703e-01, 7.198471426963806152e-01, -3.179468959569931030e-02, 3.410222828388214111e-01, -1.040366768836975098e+00, -3.229521512985229492e-01, 1.114675641059875488e+00, -3.334462270140647888e-02, -5.623080134391784668e-01, -8.092035055160522461e-01
-9.992742538452148438e-01, 4.608536660671234131e-01, -1.515083312988281250e+00, 9.822352528572082520e-01, -1.776206940412521362e-01, -1.347837924957275391e+00, -5.918655544519424438e-02, -1.197721004486083984e+00, -5.281807780265808105e-01, -1.961155176162719727e+00
-1.257859468460083008e-01, 2.781814932823181152e-01, -6.889243125915527344e-01, 8.258963227272033691e-01, 5.139553546905517578e-01, 7.533237934112548828e-01, -1.946250796318054199e+00, -6.188126206398010254e-01, 2.483162164688110352e+00, -5.133373141288757324e-01
4.398933351039886475e-01, -7.179649472236633301e-01, -9.026397466659545898e-01, -5.039420723915100098e-01, -1.067396283149719238e+00, -2.024007402360439301e-02, 1.210675954818725586e+00, -8.580757975578308105e-01, 5.294339656829833984e-01, 5.082118511199951172e-01
-3.241944611072540283e-01, -1.540859699249267578e+00, 1.860705018043518066e-01, -9.328048229217529297e-01, -1.607157468795776367e+00, -8.463639020919799805e-01, 3.374635279178619385e-01, 1.039895772933959961e+00, 8.184747695922851562e-01, 1.176538109779357910e+00
-4.363665282726287842e-01, -1.314361453056335449e+00, 3.065554052591323853e-02, -2.290097028017044067e-01, 1.483039021492004395e+00, -3.178294375538825989e-02, -6.973837614059448242e-01, 3.396579921245574951e-01, -6.269790977239608765e-02, -6.150880455970764160e-01
5.891115069389343262e-01, 1.093949437141418457e+00, -7.038391828536987305e-01, 1.307428162544965744e-02, 1.660639047622680664e+00, 8.069943785667419434e-01, 3.201572895050048828e-01, 2.320519387722015381e-01, 5.797181129455566406e-01, -3.865221738815307617e-01
-1.096294641494750977e+00, 2.707008361816406250e+00, -4.970596134662628174e-01, -1.033138871192932129e+00, 1.595210134983062744e-01, -3.133908808231353760e-01, -1.141015812754631042e-01, -4.087223485112190247e-02, 7.150622010231018066e-01, 1.913928389549255371e+00
1.169133186340332031e+00, -1.130645871162414551e+00, 1.183609008789062500e+00, 2.091088443994522095e-01, -7.915462255477905273e-01, 1.079475879669189453e+00, 8.610845543444156647e-03, -7.234160304069519043e-01, -1.107277154922485352e+00, 7.809852957725524902e-01
2.413805723190307617e-01, 1.272280067205429077e-01, 4.271925985813140869e-01, 1.671095609664916992e+00, 6.117491126060485840e-01, -2.169640958309173584e-01, -3.636708259582519531e-01, -4.392067193984985352e-01, 5.852393340319395065e-03, 2.244582414627075195e+00
-3.827680349349975586e-01, -6.119310483336448669e-02, 5.536177754402160645e-01, 6.747719645500183105e-01, 1.271697163581848145e+00, 1.610602021217346191e+00, 6.656716018915176392e-02, -7.619032859802246094e-01, 4.281605184078216553e-01, 8.217609524726867676e-01
-6.780085563659667969e-01, -6.241185069084167480e-01, -9.388858079910278320e-01, 1.204224348068237305e+00, 7.664906233549118042e-02, 5.450038313865661621e-01, 4.467295706272125244e-01, 1.872677169740200043e-02, 8.965328335762023926e-02, 1.186226844787597656e+00
1.461811084300279617e-02, -8.747395277023315430e-01, 6.107767224311828613e-01, -4.790361225605010986e-01, -1.100109815597534180e+00, 5.143842101097106934e-02, 5.061008334159851074e-01, 7.005481719970703125e-01, -1.527455300092697144e-01, -1.176241517066955566e+00
-8.557915687561035156e-01, -3.683173060417175293e-01, 1.183416962623596191e+00, -5.157618522644042969e-01, -2.059961795806884766e+00, -7.923049926757812500e-01, 3.398496508598327637e-01, 1.191224098205566406e+00, -1.125443816184997559e+00, 2.018765926361083984e+00
-1.281454920768737793e+00, -1.085308939218521118e-01, -8.796200752258300781e-01, -7.856268882751464844e-01, -1.185870647430419922e+00, -2.713671624660491943e-01, 8.530698418617248535e-01, -3.823826909065246582e-01, 1.168693780899047852e+00, -9.977148175239562988e-01
2.406954050064086914e+00, 9.935953021049499512e-01, -1.229921206831932068e-01, 6.409666538238525391e-01, 2.066535949707031250e+00, -1.436755806207656860e-01, -3.310779631137847900e-01, -6.633681058883666992e-01, 1.749124079942703247e-01, 3.213598728179931641e-01
-5.955584645271301270e-01, -7.934614270925521851e-02, -3.889808952808380127e-01, 7.573665976524353027e-01, -1.581455588340759277e+00, 4.988286495208740234e-01, 8.672352135181427002e-02, -1.020601987838745117e+00, 7.198398113250732422e-01, 3.108177483081817627e-01
-1.031035661697387695e+00, -1.163559675216674805e+00, 6.975699067115783691e-01, 9.051449894905090332e-01, -8.929431438446044922e-01, 2.741633653640747070e-01, 1.164357304573059082e+00, 2.219431996345520020e-01, -1.146431803703308105e+00, -2.952374815940856934e-01
1.261500835418701172e+00, -5.997549295425415039e-01, 3.044902384281158447e-01, -6.578713059425354004e-01, -6.552748382091522217e-02, 5.566638112068176270e-01, 6.521404385566711426e-01, -7.535913586616516113e-01, -5.948211550712585449e-01, -9.198842048645019531e-01
-9.348326325416564941e-01, 4.111077636480331421e-02, -3.701985478401184082e-01, -2.309376150369644165e-01, -1.368579566478729248e-01, -1.875839233398437500e-01, 3.597604632377624512e-01, -1.289204973727464676e-02, 4.607886373996734619e-01, 3.941077589988708496e-01
1.296277403831481934e+00, 5.447912812232971191e-01, -1.212396740913391113e+00, -2.052438855171203613e-01, 7.519463300704956055e-01, 1.610245108604431152e+00, 7.376748919486999512e-01, -1.777772307395935059e-01, -1.349954456090927124e-01, 1.533833265304565430e+00
1.007561445236206055e+00, -2.462602108716964722e-01, 1.101471424102783203e+00, 5.457497388124465942e-02, 3.150346577167510986e-01, -5.321402549743652344e-01, 8.118887543678283691e-01, 1.571468472480773926e+00, -3.969125747680664062e-01, -1.920926719903945923e-01
-1.076702594757080078e+00, 1.629754304885864258e+00, 1.334232091903686523e+00, 2.618318796157836914e-02, -1.080083966255187988e+00, -1.278806924819946289e+00, 1.532158732414245605e+00, 1.413087964057922363e+00, -2.046363800764083862e-01, 5.449628233909606934e-01
-5.483048558235168457e-01, -6.866021752357482910e-01, -1.265172362327575684e+00, 1.130887031555175781e+00, 1.953380703926086426e-01, -4.930841624736785889e-01, 1.039380192756652832e+00, -1.546418666839599609e-01, -6.406442523002624512e-01, 6.196619272232055664e-01
1.417675614356994629e+00, 2.405279427766799927e-01, 6.589204668998718262e-01, -7.261486351490020752e-02, -6.929896473884582520e-01, -1.658719658851623535e+00, 2.218053936958312988e-01, -1.774347782135009766e+00, -1.463636159896850586e+00, 8.953198194503784180e-01
-1.050027489662170410e+00, -3.039006590843200684e-01, -1.225102901458740234e+00, 9.330368638038635254e-01, -7.232894897460937500e-01, 1.796611547470092773e-01, 1.290601015090942383e+00, 7.854154706001281738e-02, -5.128206014633178711e-01, -7.429361939430236816e-01
2.413496077060699463e-01, -3.648989498615264893e-01, -9.601805210113525391e-01, -2.814376950263977051e-01, -1.376311779022216797e+00, 1.395111799240112305e+00, -1.556326985359191895e+00, -1.828970074653625488e+00, -4.914311170578002930e-01, 9.349260330200195312e-01
9.909772872924804688e-02, 1.196971058845520020e+00, -4.307208657264709473e-01, -9.609991908073425293e-01, -4.179853796958923340e-01, 2.477864921092987061e-01, 1.995591163635253906e+00, -1.139829754829406738e+00, 1.415435791015625000e+00, 4.028219357132911682e-02
-1.583020925521850586e+00, 4.577858150005340576e-01, 8.618893623352050781e-01, 1.188643872737884521e-01, 1.598301768302917480e+00, -3.334276378154754639e-01, -2.060619890689849854e-01, -3.280030786991119385e-01, -7.983385026454925537e-02, -9.021072387695312500e-01
-5.261161923408508301e-01, 1.537583231925964355e+00, 3.514680564403533936e-01, 9.707444906234741211e-01, -2.061057835817337036e-01, 3.324460685253143311e-01, -2.740012705326080322e-01, -4.854370355606079102e-01, -5.752510428428649902e-01, -7.945259213447570801e-01
1.486119031906127930e+00, -1.181436300277709961e+00, -3.718520700931549072e-01, -5.467415452003479004e-01, 8.617880344390869141e-01, 1.340380549430847168e+00, -9.151314944028854370e-02, -3.175897300243377686e-01, -1.738037616014480591e-01, 3.716472685337066650e-01
-1.561735719442367554e-01, -3.105257153511047363e-01, 1.358337759971618652e+00, 2.171149015426635742e+00, -5.794231295585632324e-01, -6.536137461662292480e-01, -3.560266494750976562e-01, -1.505587100982666016e+00, 6.438705325126647949e-01, -6.860846877098083496e-01
3.757617771625518799e-01, -1.844259500503540039e+00, -3.375042676925659180e-01, -1.205263376235961914e+00, 7.971897125244140625e-01, -1.982030987739562988e+00, -1.258267998695373535e+00, 4.623807668685913086e-01, -3.907649591565132141e-02, 8.135985136032104492e-01
-1.450763583183288574e+00, -8.551223874092102051e-01, 1.522006511688232422e+00, -2.013403177261352539e-02, -3.390171229839324951e-01, 4.264826178550720215e-01, 1.454495936632156372e-01, 4.636497497558593750e-01, 2.619869410991668701e-01, -7.143768668174743652e-01
-1.034845225512981415e-02, -1.330511927604675293e+00, -7.874654531478881836e-01, -1.651434898376464844e+00, -2.660034894943237305e+00, -1.048956811428070068e-01, -1.430197000503540039e+00, -6.150039434432983398e-01, 1.275042057037353516e+00, -1.323041796684265137e+00
6.830669045448303223e-01, -3.063437938690185547e-01, -1.412605762481689453e+00, 1.753901481628417969e+00, -1.551352441310882568e-01, 1.412703990936279297e+00, 3.171606659889221191e-01, -2.798338532447814941e-01, -1.243590593338012695e+00, 5.383099317550659180e-01
-3.209055960178375244e-01, -7.281997799873352051e-01, -5.530658960342407227e-01, 1.621122002601623535e+00, -3.075788319110870361e-01, -4.770027399063110352e-01, -6.324396729469299316e-01, -1.197086051106452942e-01, 3.576784133911132812e-01, 7.129366397857666016e-01
1.156086206436157227e+00, 1.500353097915649414e+00, 1.306063234806060791e-01, -1.594153940677642822e-01, -1.238335251808166504e+00, 1.670590519905090332e+00, -4.299692213535308838e-01, -1.406632781028747559e+00, 2.456798255443572998e-01, -1.115736439824104309e-01
4.998281896114349365e-01, -1.130483984947204590e+00, 1.067503452301025391e+00, -6.314910650253295898e-01, 2.522707283496856689e-01, 6.677621603012084961e-02, 3.916742503643035889e-01, -1.162451505661010742e+00, 7.870188355445861816e-01, -6.064261198043823242e-01
7.100194692611694336e-01, 3.233950734138488770e-01, 1.931863874197006226e-01, 9.324687719345092773e-02, 3.848080933094024658e-01, -8.589903116226196289e-01, -8.021027445793151855e-01, -6.072057485580444336e-01, -1.029802322387695312e+00, -9.538561105728149414e-01
-1.272195130586624146e-01, -3.428462147712707520e-01, 6.166936457157135010e-02, 4.567623138427734375e-01, 5.412383675575256348e-01, 1.256809979677200317e-01, -4.782985746860504150e-01, 3.187490105628967285e-01, 8.472963571548461914e-01, 4.491705000400543213e-01
9.257081151008605957e-01, -1.602527737617492676e+00, -2.519816756248474121e-01, -7.800535559654235840e-01, 1.790052175521850586e+00, -2.278158903121948242e+00, 1.986327052116394043e+00, 7.158074975013732910e-01, -1.421069622039794922e+00, 1.354215264320373535e+00
-1.614886283874511719e+00, 6.534706950187683105e-01, 8.103413581848144531e-01, -1.381454586982727051e+00, 2.894205749034881592e-01, 1.179112911224365234e+00, -5.597850680351257324e-01, 9.719176292419433594e-01, 1.246697664260864258e+00, 2.884896099567413330e-01
-7.201933860778808594e-01, -4.470642507076263428e-01, -5.270748734474182129e-01, 6.299597024917602539e-02, 1.309846520423889160e+00, 7.827419042587280273e-01, 9.502729773521423340e-01, 1.287508606910705566e+00, -1.461864262819290161e-01, -5.542562007904052734e-01
-2.678581774234771729e-01, 3.157459199428558350e-01, 5.372292920947074890e-02, -1.240665316581726074e+00, 4.006555676460266113e-01, -5.501750111579895020e-01, 3.450964093208312988e-01, -4.362665712833404541e-01, -1.243674397468566895e+00, 5.140142440795898438e-01
-7.858579605817794800e-02, 3.116285502910614014e-01, -4.311101138591766357e-01, -1.170777380466461182e-01, 5.085906386375427246e-01, 6.088416576385498047e-01, 7.306412458419799805e-01, -8.269425630569458008e-01, -1.585606336593627930e-01, 1.118892192840576172e+00
1.722533345222473145e+00, 2.840957343578338623e-01, -2.065510600805282593e-01, -1.137045621871948242e+00, 1.054351806640625000e+00, -2.769624292850494385e-01, -9.719299077987670898e-01, -2.028644233942031860e-01, -1.167346119880676270e+00, -1.030449867248535156e+00
-1.491622447967529297e+00, -7.740871906280517578e-01, -1.042109131813049316e+00, 1.511907219886779785e+00, -1.146832108497619629e+00, 1.190372228622436523e+00, 1.294404864311218262e+00, 6.040515899658203125e-01, -7.809986472129821777e-01, 8.518528342247009277e-01
-2.411400079727172852e+00, 7.349993586540222168e-01, -5.840745568275451660e-01, 2.049593448638916016e+00, 2.778222560882568359e-01, 7.192363739013671875e-01, -4.906722903251647949e-01, 5.165874958038330078e-01, -1.030398368835449219e+00, -1.272342920303344727e+00
-3.988363444805145264e-01, 8.799209594726562500e-01, -4.099293798208236694e-02, 6.258028149604797363e-01, -1.950545191764831543e+00, 6.660547107458114624e-02, 4.924015402793884277e-01, -1.549466490745544434e+00, 1.250142008066177368e-01, 7.193067669868469238e-02
2.837632894515991211e-01, -6.898077726364135742e-01, -1.168954253196716309e+00, 7.164273262023925781e-01, 1.413069844245910645e+00, -2.873814404010772705e-01, 1.315151691436767578e+00, -1.161348447203636169e-01, -1.433004617691040039e+00, -5.185173153877258301e-01
-2.475919723510742188e-01, 1.499552607536315918e+00, 9.315991997718811035e-01, -2.021193951368331909e-01, 1.222738742828369141e+00, -3.579012453556060791e-01, 2.072962820529937744e-01, 1.667702011764049530e-02, 3.442337214946746826e-01, 4.155746400356292725e-01
-1.261105686426162720e-01, 1.085924506187438965e+00, 1.287792325019836426e+00, -4.863026142120361328e-01, 9.346933364868164062e-01, 1.330521255731582642e-01, 1.698143005371093750e+00, 5.695210695266723633e-01, 8.815523386001586914e-01, 2.247472524642944336e+00
2.116807550191879272e-01, -1.221040412783622742e-01, -1.011683344841003418e+00, -7.999446392059326172e-01, 1.841682195663452148e-01, -8.279436826705932617e-01, 2.316717207431793213e-01, 1.089080810546875000e+00, 8.710349798202514648e-01, -1.587107062339782715e+00
1.559114813804626465e+00, 5.354996919631958008e-01, -4.066244959831237793e-01, 2.000415921211242676e-01, -1.273150920867919922e+00, 4.441599845886230469e-01, -7.794979214668273926e-02, -1.054231405258178711e+00, 4.849593341350555420e-01, 1.550972312688827515e-01
-3.352106809616088867e-01, 5.868199467658996582e-01, -7.014452219009399414e-01, -1.265570163726806641e+00, -9.519772529602050781e-01, -1.762260675430297852e+00, -4.500674009323120117e-01, -7.839368581771850586e-01, -9.158111810684204102e-01, -4.650719463825225830e-01
-6.095543503761291504e-02, -9.302812069654464722e-02, -2.133052647113800049e-01, -1.356403231620788574e+00, -5.845671296119689941e-01, -3.291362822055816650e-01, 2.202121019363403320e-01, 8.808934688568115234e-01, 1.099898293614387512e-01, -1.114934682846069336e+00
-1.309721589088439941e+00, -4.127579927444458008e-01, -1.612378597259521484e+00, 7.228533029556274414e-01, -1.484063386917114258e+00, 1.403118818998336792e-01, -6.558750271797180176e-01, 1.930034041404724121e+00, -1.127740502357482910e+00, 1.659807115793228149e-01
5.431802868843078613e-01, -1.677326321601867676e+00, 9.836654067039489746e-01, 1.539123892784118652e+00, 9.461162686347961426e-01, -1.987821817398071289e+00, -1.403413772583007812e+00, 2.403884649276733398e+00, -1.441101431846618652e+00, 5.373901128768920898e-01
-1.061049342155456543e+00, -4.231277108192443848e-01, -1.522659063339233398e+00, -8.377404808998107910e-01, 9.191528707742691040e-02, 1.551501750946044922e+00, 1.639519333839416504e-01, -1.661674678325653076e-02, -5.605631470680236816e-01, -6.722708344459533691e-01
-2.702959537506103516e+00, 2.673225402832031250e-01, 3.978144526481628418e-01, -1.144951224327087402e+00, 9.623543024063110352e-01, -5.097386240959167480e-01, 2.046746253967285156e+00, 1.542049497365951538e-01, -1.381534337997436523e+00, 7.463623285293579102e-01
1.524470150470733643e-01, -4.644082486629486084e-01, 2.309810817241668701e-01, 1.174042224884033203e-01, 4.415193498134613037e-01, 4.766533672809600830e-01, 1.324572116136550903e-01, 6.543879508972167969e-01, -1.082124114036560059e-01, -2.208487749099731445e+00
-6.048571467399597168e-01, -9.317194819450378418e-01, -2.521317601203918457e-01, 7.563103735446929932e-02, 2.198514193296432495e-01, -7.619740962982177734e-01, -2.190566956996917725e-01, -1.352789759635925293e+00, 1.822979450225830078e-01, -1.043315529823303223e-01
-1.400917887687683105e+00, 1.453130364418029785e+00, 6.370440721511840820e-01, -1.575788497924804688e+00, -9.871624112129211426e-01, 2.018361330032348633e+00, 1.383353471755981445e+00, 1.140476346015930176e+00, -1.130056977272033691e+00, -8.562464118003845215e-01
-6.846066713333129883e-01, -1.041998744010925293e+00, 6.807244420051574707e-01, -9.866341948509216309e-01, -1.476326107978820801e+00, 4.856813326478004456e-02, 1.470806300640106201e-01, 1.982196211814880371e+00, -1.317521929740905762e-01, -9.311777949333190918e-01
2.209837585687637329e-01, -1.414305806159973145e+00, -6.250687241554260254e-01, -2.213101983070373535e-01, 1.016145586967468262e+00, 3.939573466777801514e-01, -1.130554318428039551e+00, 3.534848690032958984e-01, -1.980294704437255859e+00, 6.538593173027038574e-01
-1.578837990760803223e+00, 4.288483560085296631e-01, 9.993239045143127441e-01, -8.526914119720458984e-01, 1.686846375465393066e+00, 7.297653555870056152e-01, 2.467479258775711060e-01, 7.359822988510131836e-01, 4.647772014141082764e-02, 3.004471957683563232e-01
-1.131026268005371094e+00, -8.976671695709228516e-01, 1.370253413915634155e-02, 1.716110825538635254e+00, -2.924564778804779053e-01, -4.726607799530029297e-01, 2.406838536262512207e-01, -9.056804180145263672e-01, -8.280702233314514160e-01, -5.989028140902519226e-02
1.709569096565246582e-01, -5.668998360633850098e-01, 8.470841050148010254e-01, 7.755341529846191406e-01, 6.420471668243408203e-01, 1.751278638839721680e-01, -1.569473743438720703e+00, 1.351033091545104980e+00, 3.520134389400482178e-01, -4.673304781317710876e-02
-3.756838440895080566e-01, 1.113275527954101562e+00, 1.608231306076049805e+00, 5.095950961112976074e-01, -6.601749062538146973e-01, 1.568417251110076904e-01, 5.798822641372680664e-02, 6.559138894081115723e-01, 1.426289677619934082e+00, -7.238125801086425781e-01
-8.179816007614135742e-01, 1.049719452857971191e+00, -2.490945346653461456e-02, -2.298302501440048218e-01, -2.867414355278015137e-01, -1.299571514129638672e+00, 8.852406144142150879e-01, -1.136225461959838867e-01, 6.836465001106262207e-01, -3.650687634944915771e-01
-4.911353886127471924e-01, 2.680259943008422852e-01, 1.072556972503662109e-01, -4.624652266502380371e-01, 8.919066786766052246e-01, 1.011186599731445312e+00, 9.931813478469848633e-01, -2.131956338882446289e+00, -6.594442129135131836e-01, 9.837831258773803711e-01
3.470745086669921875e-01, -1.185893297195434570e+00, 2.989186048507690430e-01, 7.799544334411621094e-01, 9.501326680183410645e-01, -1.622431427240371704e-01, -5.565647482872009277e-01, -4.104598164558410645e-01, 8.716319799423217773e-01, -1.019602060317993164e+00
-1.425931811332702637e+00, 1.848351657390594482e-01, -6.729294657707214355e-01, -6.724680662155151367e-01, -4.909102022647857666e-01, -8.926127552986145020e-01, -5.455048680305480957e-01, 7.231681942939758301e-01, -8.009893447160720825e-02, 6.062361598014831543e-01
-1.565274477005004883e+00, -1.023362636566162109e+00, 2.116136252880096436e-01, 1.243783712387084961e+00, 5.967602729797363281e-01, -6.028531193733215332e-01, -5.479506254196166992e-01, -1.088358044624328613e+00, -6.050654649734497070e-01, -2.289034873247146606e-01
9.094143658876419067e-02, -3.192474544048309326e-01, -5.263857915997505188e-02, 1.519170522689819336e+00, 9.057886004447937012e-01, 1.420342803001403809e+00, -1.715367078781127930e+00, -7.209829688072204590e-01, 2.834587097167968750e-01, -1.610932052135467529e-01
-2.662516832351684570e+00, -3.527330160140991211e-01, 8.081849217414855957e-01, 7.695916891098022461e-01, -6.353584527969360352e-01, -1.538357973098754883e+00, 3.273089975118637085e-02, 7.009745836257934570e-01, -1.273090243339538574e+00, -1.553606033325195312e+00
-9.953209757804870605e-01, 1.833071231842041016e+00, -6.695293188095092773e-01, -5.704311728477478027e-01, -2.292149543762207031e+00, 2.357387542724609375e-01, 3.175532519817352295e-01, -3.371348083019256592e-01, 7.021242976188659668e-01, -2.279588729143142700e-01
1.922631263732910156e-01, -1.089339375495910645e+00, -8.418176174163818359e-01, 8.738450706005096436e-02, -5.766296386718750000e-02, -7.519519329071044922e-01, 5.041185617446899414e-01, 1.537435650825500488e+00, -1.409856379032135010e-01, -5.381568074226379395e-01
3.747120499610900879e-01, -1.406080126762390137e-01, -4.102627933025360107e-01, -1.742238521575927734e+00, -1.128006339073181152e+00, 1.708894371986389160e-01, -8.828598856925964355e-01, -1.800415396690368652e+00, -9.294047951698303223e-01, 3.649116158485412598e-01
-2.041040062904357910e-01, 1.180470585823059082e+00, 7.240285873413085938e-01, -1.628247022628784180e+00, 1.018908381462097168e+00, -9.227542579174041748e-02, 6.497273594141006470e-02, -7.407534122467041016e-01, 8.374602198600769043e-01, 8.362412452697753906e-01
-1.306480914354324341e-01, 2.540040947496891022e-02, -6.939448118209838867e-01, 1.430730581283569336e+00, -5.094744563102722168e-01, 6.055525541305541992e-01, 7.102579623460769653e-02, -7.757604122161865234e-01, 6.451716423034667969e-01, 1.307826638221740723e-01
-3.152719736099243164e-01, 2.036889314651489258e+00, 3.680028319358825684e-01, 1.796255409717559814e-01, -6.671743988990783691e-01, -3.584674894809722900e-01, 1.644639253616333008e+00, 5.577088594436645508e-01, -8.929465413093566895e-01, 9.159932136535644531e-01
-4.713156223297119141e-01, 5.916866660118103027e-01, 8.959065675735473633e-01, -1.588728874921798706e-01, -1.098609685897827148e+00, -9.399224519729614258e-01, -1.267223477363586426e+00, 7.123141884803771973e-01, 1.127722144126892090e+00, -6.955741643905639648e-01
-8.643816411495208740e-02, 5.254698991775512695e-01, -9.454752206802368164e-01, -1.003480911254882812e+00, 9.322040081024169922e-01, 4.084568619728088379e-01, 8.456410169601440430e-01, -7.897354364395141602e-01, -2.071456760168075562e-01, 8.202075958251953125e-01
-6.238365769386291504e-01, -3.478856980800628662e-01, -1.695322275161743164e+00, -5.142711997032165527e-01, -5.148251056671142578e-01, -1.218028068542480469e+00, -8.055149912834167480e-01, 1.839121431112289429e-01, 2.716020047664642334e-01, 6.574298739433288574e-01
-1.072988867759704590e+00, -7.062522768974304199e-01, -1.354477047920227051e+00, 5.803886055946350098e-01, -2.725724577903747559e-01, -1.981657028198242188e+00, -1.386133670806884766e+00, 5.252501741051673889e-02, -6.737587451934814453e-01, -7.542144060134887695e-01
2.476920485496520996e-01, -2.374331235885620117e+00, 1.049734354019165039e+00, -1.268337488174438477e+00, 8.224684000015258789e-01, 1.709034323692321777e+00, -1.871843338012695312e+00, -1.533435225486755371e+00, 4.604195356369018555e-01, -1.379213780164718628e-01
1.943609714508056641e-01, 2.615225553512573242e+00, -4.600348770618438721e-01, -7.565471529960632324e-02, -9.981732368469238281e-01, 8.475979566574096680e-01, 4.984996616840362549e-01, -1.520712822675704956e-01, 3.397504091262817383e-01, 1.112862825393676758e+00
5.679422616958618164e-01, -3.280668556690216064e-01, -2.240027785301208496e-01, -2.498292177915573120e-01, -5.625252127647399902e-01, -4.413750171661376953e-01, -5.585045814514160156e-01, 2.006830424070358276e-01, -1.809560060501098633e-01, -1.276351213455200195e-01
-5.428247451782226562e-01, -1.090864062309265137e+00, 9.507354497909545898e-01, 9.098158031702041626e-02, -6.582209467887878418e-01, -3.652892410755157471e-01, 2.460185438394546509e-01, 1.120918273925781250e+00, -3.941546082496643066e-01, -9.386758208274841309e-01
6.868802905082702637e-01, -2.290729880332946777e-01, 2.399691581726074219e+00, 3.336519896984100342e-01, -3.238289058208465576e-01, -2.031888365745544434e-01, -2.825625240802764893e-01, -1.370383620262145996e+00, -1.676257491111755371e+00, -3.943154513835906982e-01
-4.143863916397094727e-01, 1.348352909088134766e+00, -1.306909441947937012e+00, 1.299826622009277344e+00, 8.070005178451538086e-01, 7.536887377500534058e-02, 3.713692724704742432e-01, 7.638700604438781738e-01, -1.700613796710968018e-01, -1.504450201988220215e+00
9.908009767532348633e-01, -5.302412509918212891e-01, 5.681120976805686951e-02, -1.736383199691772461e+00, 1.748731732368469238e+00, -2.655086219310760498e-01, -8.642627000808715820e-01, -1.140569686889648438e+00, 5.035129562020301819e-02, -3.628639280796051025e-01
2.738707959651947021e-01, -1.814161688089370728e-01, 8.180047273635864258e-01, 2.352186292409896851e-01, -3.563750386238098145e-01, 4.763039350509643555e-01, -9.388595819473266602e-02, 5.760654211044311523e-01, 2.449775487184524536e-01, -1.287927985191345215e+00
-1.554630398750305176e+00, -5.140767097473144531e-01, -2.010718584060668945e+00, -8.156594634056091309e-01, -7.519397139549255371e-01, -1.515170097351074219e+00, -2.546333551406860352e+00, -7.655121684074401855e-01, 4.326669275760650635e-01, -1.767800331115722656e+00
4.525174573063850403e-02, 5.002462267875671387e-01, 7.508925795555114746e-01, -8.730756044387817383e-01, 7.344134449958801270e-01, 4.835064709186553955e-01, 1.619469523429870605e-01, -1.468686699867248535e+00, -7.423813939094543457e-01, 8.219802975654602051e-01
2.732373476028442383e+00, -5.057336762547492981e-02, -3.760541975498199463e-01, 7.702170610427856445e-01, -3.478008508682250977e-02, 1.103749036788940430e+00, 1.797571778297424316e-01, 1.307139873504638672e+00, -4.750750958919525146e-01, 9.737403988838195801e-01
-4.463392794132232666e-01, 1.363480567932128906e+00, -4.454560577869415283e-01, 2.318897247314453125e+00, -8.930702209472656250e-01, -1.268560886383056641e+00, -9.681964516639709473e-01, 1.521605700254440308e-01, 1.643365383148193359e+00, -2.396752834320068359e+00
7.531860470771789551e-01, 1.299326300621032715e+00, -1.063850402832031250e+00, -9.985868334770202637e-01, 1.265438459813594818e-02, -3.310382962226867676e-01, 4.907162785530090332e-01, -6.417646259069442749e-02, 5.803447365760803223e-01, -4.211252927780151367e-01
-1.232109546661376953e+00, 1.616033434867858887e+00, 2.259640954434871674e-02, 3.844581544399261475e-01, -1.270545721054077148e+00, -2.004606127738952637e-01, 1.604048371315002441e+00, -1.535245656967163086e+00, -1.349189281463623047e+00, 2.569212317466735840e-01
-1.181416153907775879e+00, 7.917708903551101685e-02, -4.146225377917289734e-02, -2.606797516345977783e-01, 1.142382144927978516e+00, -7.612465023994445801e-01, -3.760704994201660156e-01, 4.881829619407653809e-01, 3.489771187305450439e-01, 6.972844898700714111e-02
6.530669927597045898e-01, -8.331336975097656250e-01, 2.026983261108398438e+00, -7.529779076576232910e-01, -5.300956964492797852e-01, 5.467532873153686523e-01, 3.754537999629974365e-01, 1.074352741241455078e+00, -1.642464160919189453e+00, -3.929222375154495239e-02
-4.867412447929382324e-01, -4.250833690166473389e-01, -1.454798132181167603e-01, 5.783820748329162598e-01, -1.087382078170776367e+00, -5.354367494583129883e-01, -4.517443478107452393e-01, -7.768480777740478516e-01, -3.551196753978729248e-01, -3.694157600402832031e-01
-2.137946784496307373e-01, 2.305610418319702148e+00, -1.881101369857788086e+00, -2.429052442312240601e-01, 8.061068058013916016e-01, -8.623198866844177246e-01, -1.079480648040771484e+00, -1.246533274650573730e+00, -7.598860263824462891e-01, -5.560894012451171875e-01
1.419068455696105957e+00, 1.932255327701568604e-01, -1.952422782778739929e-02, -4.390889108180999756e-01, 1.134000420570373535e+00, -1.067572116851806641e+00, -1.080792069435119629e+00, -1.649110615253448486e-01, -9.159006476402282715e-01, 6.415549516677856445e-01
4.100720882415771484e-01, 5.971593260765075684e-01, -4.871760308742523193e-01, 1.877691507339477539e+00, -1.056145668029785156e+00, 1.235442757606506348e+00, 1.819392144680023193e-01, -1.083896979689598083e-01, 6.462053060531616211e-01, 9.711176753044128418e-01
-2.571130990982055664e-01, -8.729441165924072266e-01, -1.366019368171691895e+00, 3.537081480026245117e-01, -8.419882506132125854e-02, 1.741177588701248169e-01, -1.369284510612487793e+00, -2.666582465171813965e-01, -1.186370328068733215e-01, -1.990334391593933105e+00
1.974520981311798096e-01, 8.438789248466491699e-01, -1.570179820060729980e+00, 2.824097275733947754e-01, -9.390978217124938965e-01, 8.426915407180786133e-01, 3.136385977268218994e-01, -6.773266196250915527e-01, -2.155061960220336914e+00, 8.891777396202087402e-01
-5.060299485921859741e-02, -5.367644429206848145e-01, -4.551304876804351807e-01, -5.991644039750099182e-02, -5.405041575431823730e-01, 1.012359023094177246e+00, -7.040354609489440918e-01, 7.828130722045898438e-01, 7.780658006668090820e-01, 1.210249304771423340e+00
-1.739569306373596191e-01, -3.961033225059509277e-01, 1.099575638771057129e+00, 1.043694257736206055e+00, 1.022345662117004395e+00, -5.155507922172546387e-01, 7.570573687553405762e-02, -8.680286258459091187e-02, 1.689151883125305176e+00, 1.280769228935241699e+00
1.845828443765640259e-01, -9.649363905191421509e-02, -2.554372787475585938e+00, 5.979594588279724121e-01, -6.361906528472900391e-01, -4.082945585250854492e-01, -5.332979559898376465e-01, 4.922008514404296875e-01, -7.296225428581237793e-01, -5.396949648857116699e-01
-5.295674204826354980e-01, 1.814862489700317383e-01, -4.810881912708282471e-01, -9.156008362770080566e-01, 1.936974227428436279e-01, 1.838061451911926270e+00, 7.848641872406005859e-01, 6.564843654632568359e-01, 1.021198630332946777e+00, -9.407788515090942383e-02
9.411517381668090820e-01, 1.003467798233032227e+00, -1.033321738243103027e+00, 3.997110724449157715e-01, -2.338874340057373047e-01, 9.559179842472076416e-02, 8.912553191184997559e-01, 3.835168778896331787e-01, -5.590904951095581055e-01, 9.769237041473388672e-01
-1.075431108474731445e+00, -3.701854944229125977e-01, 9.500570893287658691e-01, 7.240036129951477051e-01, -4.725260138511657715e-01, 1.745537042617797852e+00, -1.624878644943237305e+00, -1.247236251831054688e+00, 3.361356258392333984e-01, -1.148792266845703125e+00
-4.552251398563385010e-01, 3.748413622379302979e-01, -5.461772084236145020e-01, 5.173639655113220215e-01, 1.061222106218338013e-01, -7.123308181762695312e-01, -3.348912000656127930e-01, -1.824456155300140381e-01, -1.837097853422164917e-01, 1.000079154968261719e+00
3.262116014957427979e-01, 9.415194392204284668e-01, 1.153944060206413269e-01, 3.248895108699798584e-01, -1.200778841972351074e+00, -6.567400693893432617e-01, -6.218954920768737793e-01, -1.492042064666748047e+00, 3.697932660579681396e-01, -4.352397024631500244e-01
-5.267848372459411621e-01, 3.195233941078186035e-01, -3.715136051177978516e-01, 1.944556832313537598e-01, -1.575603187084197998e-01, -1.558715403079986572e-01, 1.074780464172363281e+00, -2.071408033370971680e+00, 4.332490637898445129e-02, 2.011214017868041992e+00
-6.055229306221008301e-01, 4.320891499519348145e-01, -4.059129357337951660e-01, 4.018644690513610840e-01, -4.569317400455474854e-01, 1.711582392454147339e-01, -5.930407047271728516e-01, -5.803333520889282227e-01, -4.008708000183105469e-01, 5.090128779411315918e-01
1.490955233573913574e+00, 1.212961673736572266e+00, 1.725108623504638672e-01, -2.457219064235687256e-01, -9.489443898200988770e-01, -2.103963851928710938e+00, 3.781441152095794678e-01, -1.709061145782470703e+00, -4.322085380554199219e-01, 3.954971730709075928e-01
2.248055934906005859e+00, -2.551482021808624268e-01, 1.192061528563499451e-01, 2.486495971679687500e-01, 4.337163865566253662e-01, 7.589633762836456299e-02, -6.281339526176452637e-01, -9.579539299011230469e-02, 1.355616331100463867e+00, -7.273929715156555176e-01
-1.517933011054992676e-01, 5.749266147613525391e-01, 7.864582538604736328e-01, 2.849794924259185791e-01, -8.859949111938476562e-01, -9.531047344207763672e-01, 2.066652774810791016e-01, -1.238259077072143555e+00, 2.745237946510314941e-01, -4.887196794152259827e-02
3.507009148597717285e-01, 4.265937507152557373e-01, 2.064207792282104492e+00, -4.404468834400177002e-01, -4.391478896141052246e-01, -8.376610279083251953e-01, -2.187621407210826874e-02, 4.834043085575103760e-01, 7.616352438926696777e-01, 1.207590475678443909e-01
-1.134979248046875000e+00, -8.535420894622802734e-01, 1.256569266319274902e+00, 1.276336312294006348e-01, -3.232350572943687439e-02, -7.711999416351318359e-01, 1.020989060401916504e+00, 6.278957128524780273e-01, -7.725284993648529053e-02, 4.001065790653228760e-01
5.947793722152709961e-01, -2.278847396373748779e-01, -4.605990946292877197e-01, 4.748884439468383789e-01, 2.211774140596389771e-01, -3.824330568313598633e-01, -5.314908027648925781e-01, -7.467910051345825195e-01, -1.173318643122911453e-02, -7.636774331331253052e-02
9.449889659881591797e-01, 1.421576857566833496e+00, 2.097532272338867188e+00, 2.450151592493057251e-01, 1.147073149681091309e+00, -9.926066398620605469e-01, -3.696699440479278564e-01, -5.882349610328674316e-01, 1.898214071989059448e-01, -1.733368933200836182e-01
-2.728973925113677979e-01, -1.245884656906127930e+00, -2.617166042327880859e-01, 1.907580196857452393e-01, 1.759182572364807129e+00, -9.026849865913391113e-01, -1.923767179250717163e-01, 1.231623962521553040e-01, -5.670326352119445801e-01, 1.221916437149047852e+00
3.725866973400115967e-01, -1.941076293587684631e-02, 4.164880216121673584e-01, -7.448036670684814453e-01, 6.173874139785766602e-01, -1.071391105651855469e+00, 1.704188995063304901e-02, 1.348848342895507812e+00, -1.461857557296752930e+00, -1.173511505126953125e+00
1.298335939645767212e-01, 1.219698041677474976e-01, 7.143975496292114258e-01, 1.519910991191864014e-01, 2.300169616937637329e-01, 1.521505862474441528e-01, -3.997945785522460938e-01, 9.496694803237915039e-01, -2.589809298515319824e-01, -9.697780609130859375e-01
1.420286148786544800e-01, -9.741700291633605957e-01, 5.341097712516784668e-01, 8.714123368263244629e-01, 7.895077019929885864e-02, 1.107978701591491699e+00, 2.690043151378631592e-01, 9.812949597835540771e-02, 4.241774976253509521e-01, 5.332354903221130371e-01
6.638687252998352051e-01, -2.027868479490280151e-01, 1.400783896446228027e+00, 8.844313621520996094e-01, 2.667892277240753174e-01, 1.670870423316955566e+00, -3.766411682590842247e-03, 8.651927709579467773e-01, 9.096018671989440918e-01, 1.514274358749389648e+00
5.671238303184509277e-01, -7.945739626884460449e-01, 7.845520377159118652e-01, 6.476914882659912109e-01, 2.844368219375610352e-01, 7.836101651191711426e-01, 8.813448548316955566e-01, 1.595715284347534180e-01, -1.452139139175415039e+00, -2.090553045272827148e+00
6.785635948181152344e-01, -8.585203289985656738e-01, -7.985063195228576660e-01, 1.590650916099548340e+00, 4.221891760826110840e-01, -4.424515962600708008e-01, 1.130202651023864746e+00, 1.298349976539611816e+00, -4.654580950736999512e-01, -5.149663090705871582e-01
3.802018463611602783e-01, -3.045697212219238281e-01, 6.317986249923706055e-01, 3.119640350341796875e-01, -3.842990398406982422e-01, 1.254268169403076172e+00, 1.458000302314758301e+00, -7.706710696220397949e-01, -1.168901443481445312e+00, 4.463004767894744873e-01
-8.068132400512695312e-01, 7.204790711402893066e-01, -1.300609111785888672e+00, 3.856864199042320251e-02, -9.489814639091491699e-01, 1.835143685340881348e+00, 4.602893292903900146e-01, -2.219269275665283203e+00, 4.796296656131744385e-01, -1.111981511116027832e+00
3.503176271915435791e-01, -3.562071025371551514e-01, 3.160659670829772949e-01, -2.784624099731445312e-01, 1.597631931304931641e+00, 3.382129371166229248e-01, -4.491915702819824219e-01, 3.138816058635711670e-01, -3.961228951811790466e-02, 1.301882266998291016e-01
1.376947283744812012e+00, 7.293136119842529297e-01, 5.401251837611198425e-02, 9.550313353538513184e-01, -1.758254319429397583e-01, -7.061223983764648438e-01, 8.961632251739501953e-01, 1.125098466873168945e+00, -5.771149992942810059e-01, -3.344186246395111084e-01
2.331446558237075806e-01, 3.625645041465759277e-01, -2.243696600198745728e-01, -3.145931363105773926e-01, 9.596039652824401855e-01, 1.425653219223022461e+00, 6.421079635620117188e-01, 1.177588105201721191e+00, 2.095152616500854492e+00, 3.530825376510620117e-01
3.821987211704254150e-01, -1.796508431434631348e+00, 3.149407804012298584e-01, -7.927590012550354004e-01, -1.885625272989273071e-01, 6.106916069984436035e-01, -3.577053546905517578e-02, -1.220606446266174316e+00, 8.803371787071228027e-01, -4.300302863121032715e-01
1.159644126892089844e+00, 5.173504948616027832e-01, 1.474756836891174316e+00, 2.361833453178405762e-01, 1.772200465202331543e-01, -5.063048601150512695e-01, -6.004190444946289062e-01, -1.514840126037597656e+00, 2.121962308883666992e+00, -3.522082865238189697e-01
3.212316036224365234e-01, -1.278847694396972656e+00, -1.030586361885070801e+00, -8.547726869583129883e-01, -2.395599186420440674e-01, -9.027531147003173828e-01, 1.416460424661636353e-01, 7.161383628845214844e-01, -1.388581693172454834e-01, -4.046859741210937500e-01
-1.999904155731201172e+00, -8.262709379196166992e-01, -9.956472516059875488e-01, 5.895137786865234375e-01, 1.874326229095458984e+00, -5.201138854026794434e-01, 5.397790074348449707e-01, -5.263620018959045410e-01, -1.679903745651245117e+00, -1.508010745048522949e+00
6.245047450065612793e-01, -6.163391470909118652e-01, 3.167187869548797607e-01, -3.309345841407775879e-01, 3.522177785634994507e-02, -6.827963888645172119e-02, 4.530955851078033447e-01, -6.602577865123748779e-02, -1.325620412826538086e+00, -3.476304188370704651e-02
-5.217749476432800293e-01, -9.724155664443969727e-01, 1.232502818107604980e+00, -3.455240428447723389e-01, 5.293503403663635254e-01, -1.342670083045959473e+00, -1.291993975639343262e+00, -3.073304295539855957e-01, -6.065135002136230469e-01, 1.065253853797912598e+00
2.884663827717304230e-02, -8.616033792495727539e-01, 7.920513153076171875e-01, 7.701505422592163086e-01, -5.494231581687927246e-01, 1.241782546043395996e+00, 7.449719309806823730e-01, 7.788548469543457031e-01, -1.085436224937438965e+00, -2.043095588684082031e+00
6.171264648437500000e-01, 7.940781116485595703e-01, -9.407563805580139160e-01, -2.474019117653369904e-02, 1.287473559379577637e+00, 6.896965503692626953e-01, 8.760881423950195312e-01, 3.429019749164581299e-01, 7.559251785278320312e-01, -9.162608385086059570e-01
-6.071534380316734314e-02, 2.062261849641799927e-01, -8.563054203987121582e-01, 5.046018958091735840e-01, -4.323078319430351257e-02, -5.380212664604187012e-01, 3.359329700469970703e-01, -6.066287681460380554e-02, -3.795534372329711914e-01, -7.059548497200012207e-01
-8.846192359924316406e-01, -9.965313971042633057e-02, -1.652170270681381226e-01, 1.429305434226989746e+00, -5.678491592407226562e-01, 1.676562428474426270e-01, 5.226728916168212891e-01, 1.110478997230529785e+00, 8.878942728042602539e-01, -5.371027588844299316e-01
-6.967136859893798828e-01, 1.371661666780710220e-02, 7.741051167249679565e-02, 9.678611755371093750e-01, -5.990958809852600098e-01, -6.045519113540649414e-01, -3.638795852661132812e+00, -5.909802913665771484e-01, -9.177416563034057617e-01, 3.870661556720733643e-02
1.068178176879882812e+00, 6.253716945648193359e-01, -9.371444582939147949e-01, -9.485368728637695312e-01, 3.292225897312164307e-01, 8.912352323532104492e-01, 2.233134031295776367e+00, 4.673036932945251465e-01, 1.155403137207031250e+00, 3.679656088352203369e-01
5.623009204864501953e-01, 1.575920939445495605e+00, 5.737766623497009277e-01, 8.068179488182067871e-01, -1.412839770317077637e+00, 5.880528688430786133e-01, 2.257001399993896484e-01, 5.231782793998718262e-02, -2.322283267974853516e+00, -7.906411290168762207e-01
-8.069894909858703613e-01, 3.595320284366607666e-01, 7.501909732818603516e-01, -1.315262317657470703e+00, 1.131247997283935547e+00, 1.790727734565734863e+00, 1.038018345832824707e+00, 8.680620193481445312e-01, 1.657089591026306152e+00, 2.912662744522094727e+00
-1.914812207221984863e+00, -4.075645208358764648e-01, -1.481667719781398773e-02, 2.022006958723068237e-01, -8.558610826730728149e-02, -1.400333404541015625e+00, -5.954014658927917480e-01, -4.794961810111999512e-01, -8.907294869422912598e-01, -1.519232869148254395e+00
-9.689270853996276855e-01, 4.157199263572692871e-01, 6.832521557807922363e-01, 9.388466179370880127e-02, 9.631025195121765137e-01, 8.429318666458129883e-01, -6.011105179786682129e-01, -7.877507805824279785e-02, 5.354729294776916504e-01, -9.179257750511169434e-01
-8.983054757118225098e-01, 2.539384067058563232e-01, 1.506102383136749268e-01, 7.473837584257125854e-02, 8.233385086059570312e-01, -1.962504386901855469e+00, 1.071262359619140625e+00, 1.403632283210754395e+00, 1.241959452629089355e+00, -1.992482900619506836e+00
